   1   0.952200920272118980531668779274   0.100043870920745101139106660737
   2  -0.648047907994068064280932684729  -0.704477869506416727898166982424
   3   0.801553222100958769343306304320   0.308254996425355022612815638460
   4   0.388951496096904047793515685486  -0.515813321620284851422352284078
   5  -0.267215952436907336054262564891  -0.330021941207120345273572028361
   6   0.454216272088987634243583328753  -0.573296736249458552094481394503
   7   0.714590689282189849808171438455   0.310101052141567013990927494381
   8  -0.564766681923752163699177375034  -0.771070250859605954631376936835
   9  -0.034308907655099449072286386464  -0.954912295284238614870920397269
  10   0.001707163882106251853645616533  -0.873305619832174305477762736778
  11   0.864717282363006964301615341002  -0.405345338119899837276812674667
  12  -0.382295487898838024580117374271   0.412901860798952843370498566427
  13   0.300678237171980793661310310091  -0.525255114417370371684707647653
  14   0.300892524510840148886222002454   0.905504749469733681391467741037
  15   0.449375184359286022624814152635  -0.662979495818793902236782434472
  16   0.108797120677629227283216454677  -0.241679549809649340331756467364
  17  -0.205997993749879254048096783522  -0.262991897783020546149041300816
  18   0.303663800392432483689345605149   0.812762613371781664627486661264
  19   0.031469036170197681180123484491   0.784192527983081407738197898249
  20  -0.179190043265358841222652285687  -0.353349135126209477663882310601
  21   0.655492675077632288131936362982  -0.452881675431955352649079834449
  22  -0.174867566017248023966305077619   0.935578282501142421533105222427
  23  -0.125465662563047833751756074032   0.057813890395178493199660385322
  24  -0.237135697723095179003560036374  -0.430474291983423015794733406862
  25   0.884810464651621872073929591342   0.347962204237071484200537173385
  26   0.752882194792590141573910997251   0.224543129057156663102128441882
  27   0.228130925894689969795053138854  -0.463200031572657535752602169629
  28  -0.435240449045372982888026307296   0.720707233480793124996056778514
  29  -0.877401486897019632905926860534   0.362464114137607820536828997049
  30   0.242290662861376777172132432182   0.261097026924281251750498141189
  31   0.357153873190434669763928596943  -0.192205193450125777079879571859
  32   0.367958049873589462759645128273  -0.717416807940647406730471618568
  33   0.633548604107298874669097876969   0.522309137106170600200093463734
  34  -0.872541945369852574676888243098  -0.368895272225379238374733175709
  35  -0.367847896507593694650268147420  -0.872518341636539407463273686112
  36   0.358472083662194727544589397417  -0.423940158369606326724881960644
  37  -0.472576209618231546477291839723   0.819501366305988040064034097142
  38   0.136785147509188088491666275885   0.258591014934426972736691439615
  39   0.362826979030967234640552754082  -0.610494088722402872143195555673
  40  -0.280790984824379216723927810426  -0.678339456465724374863777850293
  41  -0.337521642486905085478914424973  -0.400310610895144866605480839517
  42  -0.356535251771178216524622274412  -0.763545527606774497819383158151
  43  -0.147933125976430396731507821273  -0.177136864122850998091942239372
  44  -0.101697648014073571486832996097  -0.282014837911939342628969575469
  45   0.412158882293632124335432611871  -0.324730631906438765771960503587
  46   0.644782654141338689138731551179   0.234868254975756767344480884175
  47  -0.414425579340665917731140550360   0.613140389968904291893692525029
  48   0.216663112863662244226622430388  -0.914820154649776073039646581204
  49   0.717351586939798014841227255081   0.606677077535235985069075105105
  50  -0.706552617450230473247455476117  -0.618227384696897900476598468493
  51  -0.532064828245342491977400915294   0.583854317731884834335007842086
  52  -0.465702569434507634561596809060  -0.810876239733818784143992625192
  53  -0.294653301345065893627157942546   0.638981375286212636454687124271
  54   0.093879630669257702437578455095  -0.931268325234472094446670775426
  55  -0.339197147476788467299801867409   0.514514761095546354456429725240
  56  -0.478280635771011191630779258218   0.468340436065688607743816139133
  57   0.617732675002210378946866623927   0.363059832909428191489521809035
  58   0.415765400171960040855923502438   0.834908977356526590198676719670
  59   0.019972018337471997535116717673  -0.314180695100462423524235214457
  60  -0.021978191844274764687342128155  -0.183417917796789207059022296089
  61  -0.119403357789541853749746795551  -0.643113895776994078808874456030
  62  -0.620610037209088338283391889034   0.484649188202186378410579144084
  63  -0.271872443905574296200750166425   0.372837234323828546635595199080
  64  -0.092090733001398321502877877247  -0.059403899054448908488689695929
  65   0.109644846158642678937985755405  -0.425177891467003418003454422322
  66  -0.235915715046705838256682097667  -0.555092243492829145956156252007
  67  -0.685771809176113623789338717363   0.617732709943269237647843061111
  68   0.489683905565805677387318092852  -0.780752127425664423127570421381
  69   0.776528062675502804910989760989  -0.493679067550491434285609552559
  70  -0.567152208946596581066034666382   0.722673476454232110238921535254
  71   0.343985935966632905777778322307  -0.850079342852973324823753853354
  72   0.508001042961856499689289765456   0.466925427519123714955442373072
  73   0.888501228747160549958129969894   0.212277280583816146611265210878
  74   0.499231504357211319656203533860  -0.442571967942942590836714513609
  75  -0.781160156352078987693733461135   0.465776012071134647840704032715
  76  -0.036927428225336168944880279771   0.906495365398295320793932329074
  77  -0.769930397199275823446703631572  -0.475329706539590179008852771776
  78  -0.102936442062187810080170672516   0.727772784796439688112954174878
  79   0.155327907893251844308350531910   0.885881166274049897191402220729
  80   0.772847871348881706860259026077   0.452133280372527219474636579900
  81   0.247883799810773193021579003124  -0.307409145184718968038740164247
  82  -0.070541690040002651134714321588  -0.468672146849034707375927322401
  83  -0.159471943960021393191423754928   0.522603904158444103481626780199
  84  -0.298852102357679336677333181365   0.822266841245593575870981233386
  85   0.616042047299024879506535152515  -0.621287746337861149714162866999
  86   0.540387768625418039354078798922   0.680325428486690152573859195377
  87  -0.178760876383507455938117027523  -0.842987003710181029367393577851
  88   0.439761790609133078001751819960   0.245893072269951634294112768135
  89  -0.074508093998455207148858069924   0.256720114992914517205421802254
  90  -0.480210382180817328854943284600  -0.574633929051342103722873538948
  91   0.132946576695624310338661383525  -0.684138078918883951701329760797
  92   0.184420115430223531479882890529   0.000624407356552540622511006979
  93   0.194148755288845993784627621782   0.548012863060739331213699107415
  94   0.693174574393854100743554809513  -0.113761348956481402773605498440
  95  -0.585196869514392628095159430711  -0.000000000000000000000000000000
