   1   0.471845936157115847396401714197   0.816814214147415066401772245280
   2  -0.499699395675908520969026495109   0.799504006514747747408175727023
   3   0.517953506657242106600592435116  -0.787203178198657772991135091104
   4   0.867322855964386572419103943497   0.367027142933275146395566928435
   5  -0.011944283145602268658495261223  -0.941203606772080804850980204441
   6  -0.675419159916786911246040489165   0.404659024954869427735028710035
   7   0.904889254449344624703341459836   0.255105308455749839104210725810
   8   0.713129037722603713963077308439  -0.611678252059218694286231930449
   9   0.298986968321535822329668261561   0.759428646565980907029016356590
  10   0.009259940363232301929071823712  -0.822779676567176789165311992218
  11   0.363000001606701029736197755545   0.864683420663154966025438536039
  12  -0.701334199945567742799660510435   0.621585062222938633376781214115
  13  -0.267581858665084841535263730292   0.897435972560349336181702961932
  14   0.108825819168531650219980709785   0.929442063899140409866947796326
  15   0.692162489402474662039433844812   0.628720364605711049410326638117
  16  -0.387764002606347113684929215073   0.850085846271151733255173222041
  17   0.479484161116232262820574018869  -0.668327238985458983135385217567
  18   0.620881330969873543016112351246  -0.214154971530623025968490886682
  19   0.237971146019926210803521494662   0.901095443402808019786676556993
  20  -0.287852278735359649947981494079  -0.885533842237886824790670548636
  21   0.611678397255071338405602536847  -0.700889336709051745626579434664
  22   0.590927658257325998165560096295  -0.562053521064069421656205465699
  23   0.898580519404435567079739640249  -0.233436216619424020576376502640
  24   0.419310656881766792686351226887   0.698669061660866253658339419421
  25  -0.775371929672131835031952750731   0.506948197901986440913087660394
  26  -0.592960706556184069143174569915   0.706277725656684403060741717391
  27  -0.444531135514054115181634365564   0.678496790491092511207299623617
  28  -0.144286483969813418948012862601  -0.911185110955320380909859388328
  29   0.570088505958596632890244005965   0.724352368832717658511096319308
  30   0.763860804212016441866651709009  -0.001670005334239638272226789513
  31  -0.918786352319094582138772428253  -0.025230524731588166601019191990
  32   0.761518581661629758757951226909  -0.163459809607570540681285856116
  33   0.128411253477173271965495220201  -0.907044123719916424143054054487
  34   0.911380042207688913425724251926  -0.075785549599905027350657364657
  35   0.113811198519211554710663819305  -0.717064038175938875168573003609
  36  -0.424258934809401909578766759721  -0.806300692746902744486092818695
  37  -0.897538857798095427091666061085   0.145121433477781846281401061543
  38   0.901375773411425835644526893916   0.102230744042781213952878921016
  39  -0.883159561706399003667706786870  -0.197482386723612517124839982476
  40   0.762778853374737395690419522651   0.482593515277210283653242290197
  41  -0.339467561208308433869185471533   0.532963094258486661481770340399
  42   0.135409853724464558282081833471   0.763362054153021965979194968510
  43  -0.269489283342839464734647805826   0.726210229253981696658262938897
  44  -0.827005026617738118255652130628   0.331924274378339411890283531480
  45  -0.551729153854396123719423296681   0.523750501362799062645425768517
  46  -0.793422122578004134230371756268  -0.388910868062619161134354960305
  47   0.266062018479282989500429236891   0.580674242007853932491688909694
  48   0.560726522911125810837185116645  -0.030863868268865722668112147486
  49  -0.075568862560309944237902932835   0.864453765761323098935114855787
  50   0.322949318124433810771288870589  -0.799527535404724109289505676128
  51   0.521406328956106649794869569228   0.506345342887094093821148782920
  52   0.745824733902492403448861684729  -0.399396743260073040488730226911
  53   0.680196943636429963839345123993   0.233975633801876442100823654176
  54  -0.575841799765430475708880991660  -0.586892630381060034131599185773
  55  -0.044842845438790606521660122109   0.526814053733307526627032908316
  56  -0.181606198041379738773026537597  -0.618832267277217867640651281880
  57   0.265287011683267222886612882959   0.203550339415451599351132506303
  58   0.273500325210116908552636275327  -0.355749438543091125437561101501
  59  -0.390771686717223901290191741374  -0.000000000000000000000000000000
