   1   0.441223980745121797540446970446   0.091447545148271742619572616380
   2   0.649458953344971563555782598172   0.700999430151320406288349260298
   3   0.889599521932024801699317174882  -0.348323476926247523755806487050
   4  -0.275420035793330687246676508985   0.914533567607745463687898467661
   5  -0.038975550630811036082749647295   0.122244070985988021804892526275
   6  -0.836601759097928955535770857333   0.459698355778333316939285283624
   7  -0.291180427821998773818009936843   0.825332924498090646082026124543
   8   0.294870479810667067799198182749   0.765997168286808451603646488888
   9   0.387071265378935887161951612638   0.765102806607238708430801260329
  10   0.310399096498406471592449136834  -0.901533954637549096441920625438
  11   0.220678148768275397492122329980  -0.927286096718935675542571747527
  12   0.512553938617118849531688125664  -0.641637858873783415948067192568
  13  -0.952546073158797490656736353981   0.008814659086699067306848011418
  14   0.241719040354443265585193159533   0.236883300082750096668906121590
  15   0.265223386648663676087155668499   0.453034536729500286454166274318
  16   0.711652748326068457776940988071   0.631805269101790980676626635704
  17   0.468592990644018764116344066509   0.714303330679767404765773755722
  18  -0.444210170501857657371073310738   0.466112449071063473174824405545
  19  -0.946455802926960565018744015260  -0.089155000698787786439609199890
  20  -0.944420967057312532491705577424   0.105582768590618343790789943822
  21   0.946756949004465042018055769865   0.077017647358071219829187314370
  22  -0.499643208769976679952528573617   0.807427498590111757952652547009
  23  -0.626075639609409891957835177592  -0.713466238299096083613014051381
  24  -0.155869851000332294526381404013  -0.935909084013686751759515560157
  25   0.117338857378877041409920789053   0.791556427741082656768155541509
  26  -0.238064315722864227153786074831   0.399930870742300725995034955486
  27  -0.239122797789840159365294014190   0.504209046199310512118184141620
  28  -0.293229284190288960549155854461  -0.776291456176307715636349951284
  29   0.096104903564640825335704008686   0.941929682106264639440322576086
  30  -0.697456710641711427627754836648   0.639687357351595311280310895529
  31   0.164562827887476621616958948672   0.590663873711065092807052993309
  32   0.400772176855546089805887707704  -0.856342566790411259915828801627
  33   0.473464581723788192634480353997   0.817855460317362728452547268768
  34   0.118862701399235664329016518655  -0.937027498318309481217460429219
  35   0.564947576487063738282183800736   0.755097363618590304851913409600
  36  -0.334046788145527628415228388415   0.450636275159033425576897834117
  37   0.370831803596735501344080148964   0.867043182751590074478105408993
  38  -0.922439563563502930177497097320  -0.193300678777499321354360131121
  39  -0.390085620459522781865160827348   0.857320873706258928999876399068
  40  -0.702641177559812323133494726169  -0.626468206763490292903791578778
  41   0.784401134655588924513601470003  -0.187079549598161151402657833895
  42  -0.916110376919773020571273944374   0.211375957127864707646501591056
  43   0.186386955922357385134833367438   0.703338997505820719780629156519
  44   0.792091906244972840314234884241  -0.307454110205109709817023709703
  45  -0.388851703173692195508533986973  -0.712920005795902964000793331235
  46   0.831796604049140922947497901665   0.083913671586300862542918050197
  47   0.679208668980244810058515061933  -0.249555547456157946498552953585
  48  -0.763461874728448341696997938909   0.541735625696318537727722801529
  49   0.877231657377675859200936356228   0.324662301900546104215040793274
  50  -0.734932564204308027210346758243   0.415572644832328989067614689527
  51  -0.335183788410940628857121719705  -0.460747148213360240600964803825
  52  -0.268390681805121731782419816170  -0.893508720640384020671526161156
  53   0.901594604076650234954041513812  -0.236397550693989764139579444053
  54  -0.394695894766965583401774668863  -0.843369918522014583598995322196
  55   0.820015613925777319579987166851  -0.439163475965953622777146684698
  56   0.909082294058727515922846580148   0.192402563064396033812353732645
  57   0.629224062087915355961632720855  -0.682354091353458623607695864147
  58  -0.516109686921617459516737966230  -0.770083288362374011874599400454
  59   0.051722234312581503616065414715   0.651263109139915362611217258165
  60  -0.590600867785186439313631352786   0.711639294837361893399934441429
  61  -0.867859710151053779668275531931  -0.315850513629711841171649582717
  62   0.680746271840938091317770734698  -0.390433171875698794570207196253
  63  -0.856025075874936476196504334279   0.336668535507351925445266645536
  64   0.503880066902930865663091461331  -0.769041886487541498628442740929
  65  -0.150195450249545996797013867545   0.605073826794906465764383143863
  66   0.725235486477085265091713488589  -0.559955936836065084556611333622
  67  -0.020231817494461679753391087992  -0.914300921212044563731793942497
  68  -0.147537319487283333566683103979  -0.797470636049030072610279739516
  69   0.225338253484481177690396895117   0.881992067845890426386277930304
  70  -0.054969907410715568592161582155  -0.272074266146067587094678639980
  71   0.555732044582400515875561853840  -0.507679045135798210234398338820
  72  -0.178824292989496382899231387075  -0.412768588504031864441151940993
  73   0.558031262043359580155626862233   0.590934678555726037450108097973
  74   0.895938304740033608926009306703  -0.067003370106630330183781117112
  75   0.737483631583998053146754385709   0.229037035966417306500598899363
  76  -0.593365368254717723275669518750   0.515903095544115777991842594187
  77  -0.749688685322174052749407022791  -0.462536912558410834740538949525
  78  -0.239653366611270388085182514195  -0.616067190748533157997911838033
  79   0.338908162502758707737376870680   0.605070751959102382830399483909
  80   0.742572299974127325393460743512   0.459944474471044670669828941274
  81   0.486324201474029516199265953325  -0.292509797047959902261386389853
  82  -0.516811648393564369774770830944  -0.557497256610755360075074642758
  83  -0.375732210888635460403160450887   0.651021104656349244928782123797
  84  -0.087565952884283448229671613428   0.837163402289800563034397511796
  85   0.623896101467653599665444238343  -0.022106399109112950870800995402
  86   0.460737274456354261438196162224   0.322029494563951252290861473879
  87   0.021465622686834936268115471883   0.369488394097523527686466538170
  88   0.191782282718947482296759051790  -0.048257578616156088970326900027
  89   0.173916874640025319294907017315  -0.585816315067762758282242882479
  90  -0.486474734043587120512151853819  -0.000000000000000000000000000000
