   1   0.151287035881328617039827693423   0.716298953010926257462292916865
   2  -0.832117351299571014166859783166   0.467245038360001992027321412844
   3   0.903017156170055367472349611505  -0.307863489354874635495008949615
   4   0.162646488763812492215398942739   0.939808258323171585663010342182
   5   0.334682112870859854129527057069  -0.892826948973833565951590449744
   6   0.253286249042067588040201627158   0.918943936190360448152297879991
   7   0.241840852752768888537895324145  -0.921720478492720116175690565611
   8   0.058753384085697285579296564435   0.723128687211102816834605642170
   9  -0.507662613369140958436885884978   0.805686851107370014321282010828
  10   0.531772724941341158800070504349  -0.624624928386511720689683568712
  11  -0.031040260002981709471354122417   0.134631247173641262094227908687
  12   0.497551027204826126528215987255   0.810900060854186158072405751237
  13  -0.951011745404485564359037142455   0.006248558507706256725968922226
  14   0.100887150691592913447551835526   0.636131689879919040370995292804
  15   0.230672443140644769004238738944   0.784727214988707187743739439692
  16  -0.421321543811178548497745426317   0.851452753624386097048619716059
  17  -0.435755347916858466000559179710   0.469429479031515538957698130116
  18   0.940833705989282757785806989782   0.126544057813473255294395692769
  19  -0.944263829227528977850227018935  -0.093771207601782911489645150390
  20  -0.137010409324722204834047260771  -0.938572734248547303819111690374
  21  -0.942140718713079971756667937167   0.106659096883020075392194203328
  22   0.448098392701286186046212789779   0.723001498555446386925666996322
  23   0.063653004598998458106178914314   0.945201806816723861999023999591
  24  -0.614524411393314038890988208963  -0.720463548592334258712990805313
  25  -0.697783274211207947351959928696   0.639530766102160189619330616181
  26  -0.223697407564939202844260913499   0.399457038372324412953094655845
  27  -0.272846134612652777158015297440  -0.782237411097143781816514112588
  28  -0.323102494210666027579553603984   0.888198325744320999484856802619
  29   0.424148097741890809293937350427  -0.844138604004922532583846309626
  30  -0.009565160141189581574349772894   0.645842739074816387121740445390
  31   0.139152006193237045539827312415  -0.933412789703569105167888147062
  32   0.669834474095073410863652293918   0.664022153150504899971514729435
  33   0.579381336479677896889396311720   0.743634803004303704946957355754
  34  -0.691146188128494128992463487800  -0.640295400410439978893203507935
  35  -0.919963834938549414487852104496  -0.200558306482098763092237765784
  36  -0.916269855169039275346290599238   0.214414214366312941792640936994
  37  -0.323152187658880966013905776008   0.454081181416524901426379898288
  38  -0.217845947852744280581240602610   0.513404389089913280989471357094
  39  -0.754995808405807687056700444759   0.540626730335560969001508907452
  40   0.786247267443919385844384881751  -0.146579270488491829094676210810
  41  -0.372917349904135521597890398818  -0.720621207561619938173580129728
  42   0.861355884391782222647572784465   0.369404173466218480814327947076
  43   0.799372608454524319661831246706  -0.272455208391786825962499319809
  44  -0.727230316304354471690556191130   0.418061627379373192580492573246
  45   0.820198655982186418930221128713   0.128036641025397350603879941093
  46  -0.248005426119694931654878991649  -0.900669614520162375275287666334
  47  -0.323290643047806692252795235853  -0.461562461868454057527088096359
  48   0.679763502579589015303997030011  -0.219134878486979457750600018127
  49  -0.128383102220880520266638126095   0.605606240316272982468622519580
  50  -0.374918815037804859588310843904  -0.851922703118044871003955594172
  51   0.909792019670605358476879592509  -0.191932766466797738682222344120
  52   0.897189452205794367325489538619   0.240333975648236769056694187444
  53   0.834975367008203935441353946756  -0.404470228448387623325133656558
  54   0.116158190935806583210668616136   0.829694157431287861986563926394
  55   0.649650916106612407240297266760  -0.659252968928136367814161414977
  56  -0.499038303504487964276772403641  -0.777232571567711131968492835416
  57  -0.588756243006332629374878457434   0.710994851242955539255858676274
  58   0.689997253435336462166793581948  -0.364400370268263139871827721433
  59  -0.860760058328211233863144759733  -0.325983251435793628030646254799
  60   0.526010350021337902307932524900  -0.753525058440570026132817787107
  61  -0.851879888953813463957167124976   0.340518173812482654198969175418
  62   0.745059501389710616513747165187  -0.532484875237538699810831504557
  63  -0.001756821540811601773603006388  -0.914042076873332719515925136471
  64  -0.131621837371666316743033550091  -0.798594976109454322118308024962
  65   0.361339002902830535279111452490   0.835426573886320027306386738948
  66  -0.043332762949466967029183914386  -0.268011569620313763668629708345
  67   0.569411485040566028714324593700  -0.487549655635511421341636817402
  68  -0.167703322765915643614929415301  -0.412339801457954978456220520152
  69   0.529489096578893124040206693959   0.595239620622028525712048099469
  70   0.897632462764059663174726532534  -0.020048131279263969761191334471
  71   0.722875936414014150759800321717   0.267728376805915010496755665744
  72  -0.586862505826414043735519026554   0.519088549826086377243720832320
  73  -0.743457210467525452260800740637  -0.478138903550267428710259520302
  74  -0.226685320777421172659762906897  -0.617424728172858366565345207215
  75   0.726005851746905375733324383349   0.494541712905397209273470673760
  76   0.491842864381383602145158513091  -0.276393282136242369979907744304
  77   0.297854755493641049319667457158   0.614291619696281260148676000377
  78  -0.504614096823486395063363097330  -0.561307204078767669603262946608
  79  -0.369471874678799240949504899622   0.657302035354919535397577133314
  80  -0.116285331379337857856037007431   0.832760226060104547546188014663
  81   0.614208966467560669176439502335   0.011054690771063544347888572581
  82   0.434595527438194627458159404266   0.323338697506951966867621802036
  83   0.040283506182545398394933183806   0.383463401994011065348797884022
  84   0.202360884329568129728666252475  -0.040266779493286305789414423875
  85   0.188788996822120430167196509822  -0.580978556645509231390931479036
  86  -0.480742663961464125870586594344  -0.000000000000000000000000000000
