   1   0.296272563532802009343076715817  -0.904355704384033431995792317217
   2   0.390524695788693905832177885686  -0.867495991900047352202932181753
   3   0.436778783871571405337524708175   0.844788799930733685887796276825
   4  -0.529255178951489642216211251577   0.789750313280759034716795871530
   5   0.565343183154122269619191115144  -0.596668912343455448624348490147
   6   0.410570068898535260744831587758   0.749357362627692155126167142207
   7  -0.828698066057402055524626373161   0.463807063178815461760758241965
   8   0.920380760260142358617877479269  -0.232543252552457512759564834952
   9  -0.687860957676893674071168073324   0.653704497682235176251756835064
  10   0.932643386023794261806664016413   0.173057061186564444175599403095
  11  -0.346343513433466425002496510252   0.882662576161220752622626465898
  12   0.938654983859045201802004774815  -0.131272133813821107227997263279
  13  -0.237432849227803780080192840923  -0.779279885153748476449483171032
  14   0.644748296088214182258496799012   0.693593075418841644786063428167
  15  -0.089481868040077046707342482957  -0.942322166980792593823737359361
  16  -0.245337962459943947207181775119   0.913769635281303275697007558480
  17  -0.608954948461753999830585913615   0.723538257372794195703367587560
  18  -0.594205321937156166602180820835  -0.735120085717147523460423860806
  19   0.523456419752994181637972012942   0.786506286785894387847078472384
  20  -0.941944051221594524759215864322  -0.066668247521814741418017406702
  21   0.479901982404481468101833330124  -0.812704335454519278684457632423
  22  -0.939198591998783034712509871826   0.088078507697105773809160257602
  23   0.790423147974793000614698461273  -0.105920407196269419759364890335
  24   0.191748756864786826114344914909  -0.922544804335796769987367124268
  25   0.809133388477812587310788227809  -0.219850405739506884448645063227
  26  -0.101742906302743508763055181729   0.644788918199450450577092181361
  27  -0.918591770234513395848120250122   0.202309037777058547938476851019
  28   0.844636594874393403701530076856   0.412073894136734232555200659959
  29   0.696053751891334787388769452748  -0.176406743823049734130401728117
  30  -0.502319223326260125586074151001   0.678266198803851349316792110250
  31  -0.920256401887039660105266016689  -0.182225574166652696564184367498
  32   0.816709942567404893302021312320   0.171829289368810488800650108826
  33  -0.340677393020954522705428806783  -0.724344904854846449481096492696
  34   0.153474199565516424628191635760   0.789883038560611958121163143032
  35  -0.203862905490855148203917807646  -0.912829142676851360420228864507
  36  -0.296576698673890115829753023499  -0.459322937543919741326868683888
  37   0.151244277842176928494851040928   0.921427518185225844784999968987
  38  -0.719310111309440987088270095398   0.421170961271705321546092709405
  39  -0.750599218841354506499502800785   0.552607250567670972122171950092
  40   0.083633281143276241981041079619   0.676988282536610234656041493809
  41   0.885623702172292684543177216989   0.284729629467260030743689965766
  42  -0.265340808943204297150003585143   0.790742756626435000746534351592
  43  -0.674700930065137141366166090546  -0.637595116196383411292485301038
  44  -0.408159223337896613816408581536   0.774522008663499717895978571124
  45   0.860756033985098545874284073786  -0.341874507399281022508875199481
  46  -0.334163755102064037803717844698  -0.862551127259023535628339120904
  47   0.576312897723212374723959491938  -0.722014624073676047147515522661
  48   0.691672820204063869855362644622  -0.610495934387161853158498931412
  49   0.710538448480427397303591944489  -0.315010174652135384028596717507
  50  -0.469657443934647909653030085748  -0.786988647240860763823025083692
  51  -0.863033174099625715577541527460  -0.313972564744254033796698604610
  52   0.782384936842721631360105044359  -0.477938449958433033993963861382
  53  -0.853256784023102768296535421998   0.330887073216330481534585993549
  54   0.047258377163282772206735323919  -0.912195875756828285649009358369
  55  -0.026140985569543328297630264367  -0.262385589053547100254213033959
  56  -0.095684551038318692216491877228  -0.798561944816832364782550143032
  57   0.295635623291327309314067301251   0.855329848629621290618944075791
  58  -0.144856417665693309827108230087  -0.407558652412272374532640449912
  59   0.603391061315256771627068565111  -0.454727622543412975807732990685
  60   0.504499887629929571907905130211   0.632456190788268698206552533650
  61   0.713940304199421861900502859936   0.302536210145748625308525195538
  62   0.893726341093122071272827627924   0.020465583246785048114551713723
  63  -0.575535025501279191219135936971   0.523689194701616411531314723852
  64  -0.738219124865205563696354387284  -0.463780946495896603766099643981
  65  -0.197666676546746167079609531819  -0.613611451446396254815841459667
  66   0.701319702596058009712749399781   0.527499487205588786112647675245
  67   0.275490291301676058082737864627   0.633628249773584133933474247517
  68   0.508774664457786994285806051538  -0.243512945431707195611655882296
  69  -0.474189769159308696661023842430  -0.565490962837746623841563077322
  70  -0.052264202194406287637060544713   0.848429446271522689817378939225
  71  -0.308692678935196516869356186851   0.563754746450896602216378136744
  72   0.615572501145967022581571702208   0.044623398431265624202644521851
  73   0.425573261393763331770704377254   0.353752512902468311543331431326
  74   0.026704764592855921504085948978   0.401931597486810288874855405292
  75   0.202526085790769336514608885563  -0.019856189925631369891218405967
  76   0.217206782758774161539643641347  -0.565059063558427437842036521887
  77  -0.466496510527023320926733793946  -0.000000000000000000000000000000
