   1  -0.110189387667386880723211056042  -0.943043958660179596709558539794
   2  -0.210110128756322291306614357140  -0.925550856794321394357163704880
   3   0.898668606207156249217418291411  -0.304118250440600462381956564285
   4   0.925958935240086923899862679199  -0.204891905932696060843384808994
   5   0.019459567856740132403861527449  -0.538348840774545106419490671184
   6  -0.569951375013336099854102015177   0.757009660437649726604790468006
   7  -0.647511735259610653621849784213  -0.691284252866410469466813738612
   8   0.516943816121163911152759649871  -0.793181970948131309541337001732
   9   0.313933553088099062083568773939  -0.892758431425984898584531538737
  10   0.940387152973159850078982681106   0.102119585714275325958468797413
  11   0.125883275663949766572458307867  -0.533100838597582940835174844271
  12  -0.104492617164969708473563559757  -0.837679118829355896715560252643
  13   0.900837672474020669674949564595   0.284043438123500837481634742971
  14   0.603178783574173391284931547496  -0.726268354141602267044785118222
  15   0.345529609160558997666024713978  -0.578761695839669776426696445016
  16  -0.050132339664476469406048376461  -0.622157191376630190196848343826
  17   0.411986670978819969797983251986  -0.094268419011175246926970712122
  18   0.262550696825649196761826640165  -0.208854619172228131383806615474
  19   0.764152115786349040192355302522  -0.550000422442373111017481893877
  20   0.649304889336975585423597352201  -0.524925487103557871644739471841
  21   0.414759317500452329688794566009  -0.841107285011471784738126326584
  22  -0.087927999505104577851632305038  -0.505658867195307582213367993362
  23  -0.937389162529285785137869522888   0.057322673240641688048784837481
  24  -0.935971614077904761505830865913  -0.069231039692486199477605554402
  25   0.684735128609232729225875493422  -0.640896882461398397737084042165
  26  -0.650529369559486897716949326943   0.674666316009397949727982312196
  27   0.073157213957667536576742175734  -0.640620675655943675916642581406
  28   0.384658843196085195821661534580  -0.212801568997156178306726651889
  29   0.512863434608348205383741020994  -0.476285380689859212191931279170
  30  -0.464650469128629703049482178220   0.810551988452991267903459026058
  31   0.382253301990643623528106369887  -0.461437389248953989149464463548
  32  -0.911886670836558122078468463310  -0.195765097158550261817590227143
  33  -0.913403835693095649230098646840   0.184151958012519443459563654627
  34  -0.169749234964563481236017551534  -0.405527551644930760612697251997
  35   0.191485657676094501982224589701  -0.910061907714869645385946241539
  36   0.283115655914169342099506975188  -0.771998601456450129653798095915
  37  -0.016153655945597638253594350756  -0.746489389688370909464092225382
  38   0.548015539379608444830694424830  -0.609710106203017393443428685256
  39   0.242743566567882865525687485739  -0.479240393485102111449380308440
  40   0.304098178292499579217877402318  -0.343003573458189805337138721182
  41   0.706422218898291139532050032354  -0.058856163206673769356769556280
  42   0.088854729403136653210261918088   0.917847352068852814288511736808
  43   0.133072073904731213400660246106  -0.769983853635770016994793363206
  44   0.459725636626082740460109011589  -0.336522964628418876642431501413
  45   0.218419573732014493316292421573  -0.633423240066843867420125122178
  46   0.418742662607014540314354260531  -0.698012157142614936360274820094
  47  -0.084079485985646884417874640401   0.910876723251174465549706311890
  48   0.814111885089197752029862533860  -0.413426552849438298094569696315
  49  -0.850115381330738292735350294860   0.328013376109335660155073815399
  50  -0.843841014643340523513162779021  -0.338508890159930473956857541428
  51   0.028580563577531928879628614557  -0.906619210357935696913753044169
  52   0.256918465578469013187863801688   0.867531036401902628139674876394
  53   0.634951724689210915310290725309  -0.368828611879476697776121355479
  54   0.769975472820340898742289268317  -0.223906323565052718687767572870
  55   0.672274953851164526026844961561   0.593415292938513204772310206193
  56   0.891094121727026101487212022809  -0.050675517950385059991512361166
  57   0.560543214590839701799160543446  -0.174961812469557650530111369667
  58   0.786321758156361566396264224156   0.408680924852236839170652198822
  59   0.514315646207011574915928964683   0.048373333090566376806629410938
  60  -0.277237460129706907232994297414   0.832094792475877901073100208222
  61  -0.708092067649424057278793191403   0.492345882723769757736819313731
  62  -0.698457575557192545356447708043  -0.510837378336384966638086563458
  63   0.751578548221229573335758876987   0.154865859810314472632036958433
  64   0.448965031807464098417437308257   0.714133692450203883300650296037
  65  -0.428776815223420304543935535191   0.586584701661120082826414518875
  66   0.056479721439856300959334453781  -0.315519072878249597457102776878
  67   0.486703502383852982304737150362   0.355698553724779654786867940870
  68   0.183278453841114883797861610396   0.050301660892554908381971646059
  69  -0.350029018156790530725889076293  -0.663834152433355462376329896119
  70   0.031576511683596003118898314021   0.541467058222346328198103420001
  71  -0.453528918544749691506604715510  -0.000000000000000000000000000000
