   1   0.618895001658845836473890720778   0.729407158650596167529333987044
   2  -0.894027006936508257042334633048   0.339595729830734534277470577750
   3   0.655522459266643758620229559660  -0.696016275920075938891063577629
   4  -0.145772638734778396678788069370   0.466676400961341490427024892120
   5   0.429366961626381279753422338709   0.491974453610318554594696443462
   6  -0.725529845687490391511212567319   0.438652979810182892044235361419
   7   0.513403881195323372138328447734   0.522127926807129084110885647057
   8   0.439723494481245647227452195306  -0.590004289198906795538876112322
   9   0.853511880614621741330900781780   0.427460584195905129812541559324
  10   0.332603496444422122838525643068   0.267527296442990029680509060270
  11  -0.888181287221229518511385634436  -0.348252359001119237614324472833
  12   0.439691059873938388549238853883   0.681817850554243112306100624936
  13   0.248934160625339447197380393201   0.228531478437455396124696807449
  14   0.346539185425498134916272475968   0.530359566185813111798755973078
  15  -0.299963899908237867167841598240   0.366572938945326547999495339949
  16  -0.164556079094570835694470525718   0.556314255003217448212419162498
  17   0.948638107738672932566332925880  -0.082738464379074610514739744112
  18  -0.263467372002928690147527140874   0.547902386688721662206510894561
  19   0.271963631338844442653859810033  -0.911906447371079801426382668500
  20   0.801951741333485920618249833366   0.203657207287043556165897192894
  21   0.883873689037007350776667322661  -0.350765503338453402933693565942
  22   0.746645249676296627250091753760   0.294054099497028502101244640473
  23   0.436755984265906530361479596726   0.585834321495987600234730841524
  24   0.660737462678791505006062342832   0.344619108708753153694535135623
  25   0.579599968108218667942050581863  -0.752083413337780787077239877492
  26  -0.706663542219336355721686741656   0.633624063124645272858132278244
  27   0.345078568535279643083343281542   0.628454237477661200643696231541
  28  -0.785297882255638436996194180482  -0.531674514942014283700138746545
  29  -0.128191315033543812919330526942  -0.581492841611507949953339057791
  30  -0.046382086073813007068912237262  -0.513884729922628614102958041193
  31   0.431111499098983845357398282983   0.262538218034774004625325898128
  32  -0.241643072076247335363168921819   0.448844473643226326209964814777
  33   0.221320881583913368574842993359   0.326445959931470943207737392916
  34   0.007586798956654534220632685965   0.802472948373320301238189688791
  35   0.796238747421011477912724415773   0.509558138273783467665241383088
  36   0.056322687783967315310967070794  -0.545992142749709368044564696329
  37   0.426720830879420001344064932812  -0.322848147249915009330836256733
  38   0.682292101004781348930009110309   0.652077476091380910390176268160
  39   0.817014280546022256175887073219   0.099344640636999936706990035239
  40  -0.026638428778637249617473922665  -0.621742290185992520319929751764
  41  -0.714113037355382633910762768592  -0.614730421288438791865385091915
  42   0.753059930342583337109391258352   0.401579663592070899201669598224
  43  -0.149822779228627438801941187327  -0.472693295471007838563510985626
  44  -0.119282339884344867156684634309  -0.692663336838185987366730947470
  45   0.251293832915523319438562305401   0.121842965799573919345330189876
  46  -0.136056628709569712846882326195  -0.929360196653179877966352980891
  47  -0.809416129618356929358736916265  -0.421235708595970463112182165712
  48  -0.036116833703871787391237123674   0.937104214962236071395263524075
  49  -0.767602546874381431385604206492   0.537702531579975341036315031711
  50  -0.833112850071257312937534353089   0.427740241718441009029429170832
  51  -0.164774933778245654257588200510  -0.807724208629839382331296792340
  52   0.370011171300314769629707286118   0.161631124960812042127451889147
  53  -0.258815413815808729549138905881  -0.897597787187621305939463612849
  54   0.917297943195061750914929979706   0.172236658368153292372589627312
  55  -0.680009204171308904103504880279  -0.475489549456420674933423653141
  56   0.911376788400355648472071193646  -0.192813752124369566115598763376
  57  -0.487175644929639020415869509150   0.792897510185526818833335200416
  58   0.514361255327634404535198037285   0.774356456157073762794254281455
  59   0.927470634137751910846537011594   0.034533437748889318002715610896
  60  -0.604813371608508473101912030123   0.703202498493425131820262118040
  61   0.549971663098716647027694240356   0.634846712911308958793789906155
  62   0.711015623164770461333254526367  -0.591119950598191765033890925047
  63   0.871371862520051806752047039111   0.307333748330614328916323320773
  64   0.398586710971743838330078881253   0.022096034687312811442812344869
  65   0.560113357751400302846621602019  -0.619063588782864242298533598868
  66  -0.101192292787925647778967386485   0.117304229747261356204706297313
  67  -0.462555430934518671242143901105   0.643866659556590552818410708877
  68  -0.240773025700149230608039039605  -0.363438750093428107451446941631
  69   0.339839255665472403148418173753   0.398578531305718084353761505568
  70   0.793204062623015669053182187826  -0.451980778991682067925990606198
  71   0.652797807750700021232817682919   0.509180404257120435442924386003
  72   0.113051531545651298170396115230   0.902081598984154159985551730079
  73   0.381561217087040296302359959773  -0.464568868230039567692512980281
  74   0.519573654179007454267210134842   0.381844359437679238597536082908
  75  -0.393220598215185262538547225481   0.477975704443278780977157273636
  76   0.759186214167144972537878742148  -0.267285019861267333328392188685
  77  -0.601120368750143820099493428632   0.520164981852246041343899021224
  78   0.775208777479327081621576232651  -0.059412234942721927188472640628
  79   0.217584315215686291099726149268  -0.587137622569275786592305184263
  80  -0.148609946929648520156863202325   0.307086860338238099788491727286
  81   0.589304903806243695865935942288  -0.416208109498922496641593369338
  82   0.076841275456926204229397530924   0.220279479574444168864194130275
  83   0.315318089422528180415384483044   0.809059325320009116797647344522
  84   0.390937086475223295374229573280  -0.767367273795486303235428276998
  85   0.538555052022747002488965278248  -0.153614081436824475889027270187
  86   0.604679028062040145787329077362   0.143701527875987603069839292721
  87   0.070708704908879888307518736318  -0.827001553932357001288737347071
  88  -0.231898715259209476634685704796   0.780054648374852452721345848389
  89   0.091064958222439024105649067401   0.553699167435230752157572629932
  90  -0.416619633760261609475128271168  -0.635166094705263462538508424342
  91   0.099277302350822904190158391069  -0.199076159771887010036427289634
  92  -0.583632916315024329854954741868  -0.000000000000000000000000000000
