   1   0.481258118725650990926029609126   0.823228592430148154223824456620
   2   0.356309016170584740668467702589  -0.884206125652435328970232513706
   3  -0.029424748004587625609153726040   0.144365826926078910638400322396
   4   0.263800554422306646079765692387  -0.915467112282926790347557813680
   5   0.910256815864980919400600261519  -0.280240904927222141639850077598
   6   0.546851411992685178470975867632  -0.613755327292439176268282445758
   7  -0.011239971509574535070177267077   0.648393055810162533885293110451
   8  -0.220602116303842249216354739693   0.395723789455125259383163294239
   9  -0.826872013944029493206583078207   0.470107618651043998675645763649
  10  -0.499882133345448270089966300175   0.808833039951515934583900957007
  11   0.069048659257278809820900417817   0.947980542551664192735790613148
  12  -0.950142989680287537077041551688   0.005675705902941545494564223878
  13  -0.412265048329778156655542643331   0.855673367930276779210200774458
  14   0.936982717969362300858162221851   0.153376334669936715128228211794
  15   0.445942920350274408209085765380   0.732470300650965602111547499964
  16   0.204807057671590403928223135594   0.760131583534483451390803812706
  17  -0.432921071415223293776777115097   0.472540361216042106261088159101
  18  -0.117679947000691945346868320593  -0.940610863170630530834175191656
  19  -0.942634165246934999315770296656  -0.096343540978970736981364328434
  20  -0.688347011512638925390887799171   0.650573744573922384876510441134
  21  -0.940498652938787671035352231129   0.108345048243079442326733730847
  22  -0.608441576193681856683615945052  -0.724751726420902177637609625392
  23  -0.256960543848512092904204027411  -0.784485333877317979837691331683
  24   0.655090257510531781158465064297   0.681647632615162927434993569173
  25  -0.313300144502797696762033365946   0.891492454904285783101971271325
  26   0.444870787854294137762742255796  -0.833134328408995307462953238929
  27  -0.686644567874778477298700984593  -0.647785598355264315607201619960
  28   0.108533515201518015467924152199   0.808627778821497931202731044471
  29   0.160405612967822072500806569588  -0.929232127835955802022787044822
  30  -0.917198227317817095364779758833   0.216699720810030782690805191861
  31  -0.216325295340979285970036528342   0.502239446193571381456255461666
  32  -0.323767299858817870691079235028   0.456590465661474358486747919909
  33  -0.918109327940754629177864266734  -0.205291262323718841488791748640
  34   0.826630239889222817813154185222   0.154139237095646444468132854963
  35   0.804397655491489586719595470960  -0.254814317419952705944554455531
  36   0.855013838651044510470691110978   0.388065291981773254170475196293
  37   0.562026573868796681077616144048   0.751369966435863747993931202186
  38   0.794538180712696180969728739487  -0.132390970393417249828647944124
  39  -0.754353797636740200994508980140   0.555298115006766521065739170697
  40   0.690896280553306516980524434782  -0.204328688173067434887119378144
  41  -0.363038687704687606329405735426  -0.719737794032044511962937899175
  42  -0.723887009157070668873519745162   0.421011817711805646385876861723
  43   0.918911430525564066238129882468  -0.166943269316675537693410503180
  44  -0.230867438285941718629707386551  -0.904121989559128500733268810304
  45  -0.314944401490956770905557583238  -0.463159681529838034192744472012
  46   0.892957354149952040437194628885   0.264096128190802403542202206923
  47  -0.143511013828887013802015449985   0.607043909429019470452289831737
  48   0.183340929116641590400283956833   0.911254735666634628163963077392
  49  -0.360465275767137438670353239239  -0.855690457700954125440786376842
  50   0.845440420746545471140105215268  -0.381359305647963067795489311353
  51  -0.579953148492082088145983638003   0.715754028290130018026874244573
  52   0.666179350025747975477357118286  -0.642085639837170978817330912527
  53   0.109957693945803634959110841457   0.675312638379947874321701429025
  54  -0.490516838858416036462894483549  -0.781620837147552713246563536137
  55   0.698363641912679360243710407100  -0.346462756381805384104491872553
  56   0.544662570342769530060829308202  -0.741543257505278676167924721247
  57  -0.856618716534623052845703514218  -0.331740122590140648421810184247
  58  -0.850852264600628476043816569087   0.340536032940696671927409120795
  59   0.758636072029751742455905715956  -0.512310992248090490798603273882
  60   0.017956524246330871063095275805  -0.913183535635599664549357043419
  61  -0.115517070905480924001098848294  -0.800345428307310881206501721350
  62  -0.036382951834398026476006297036  -0.265426814407322386849142456292
  63   0.512511564530528693688880719857   0.605575587396497725640860231025
  64   0.583203741513921695958651740930  -0.476022221350051081915546673075
  65  -0.158613339788107117741162633167  -0.411196885146137929883408808443
  66   0.335666353200036603512359868135   0.835406482581645814432812738540
  67   0.721709002187825736308791313209   0.278067319670232143083253084332
  68   0.894268056872748787014844912495   0.003053513839825641635730706969
  69  -0.584615349257112238103884064945   0.526065257758807257499959317168
  70  -0.740216473946254827418791983785  -0.487457014131296570228256909130
  71  -0.211855863935042544737620027363  -0.618792784209649278212783353332
  72   0.298314253126024100358763570438   0.614142656031327974140362993475
  73   0.709372251729792522070167227699   0.507817567011948103719300375840
  74   0.502017088789081239376625430736  -0.262645761560899714778387375232
  75  -0.497891497940597099518235002256  -0.563564647097419641500441670670
  76  -0.363539403102655162653891963575   0.661384697568596229362826644812
  77  -0.106401738083289395354367430816   0.833391339934661055074922506266
  78   0.616505185688382597261998381830   0.021545755573787057487084374995
  79   0.435587646148043545647768803387   0.334841392113885944823062301450
  80   0.039354329429640348669356184368   0.393714528091704486099806092409
  81   0.203071979386898505380715145017  -0.031473781399394321822037096557
  82   0.202134039687302892212878199708  -0.574678746534325691263095779752
  83  -0.476799896519469237962047454393  -0.000000000000000000000000000000
