   1  -0.408564212137570957151065962729   0.860126614353519554545446650667
   2  -0.238676577419829492078983699402   0.411593170325106097511610529307
   3   0.563010991017805263376229142633  -0.595760710866252970223181141675
   4   0.374086057495303312968732263805  -0.874656966854923839898272213490
   5  -0.493170202941598837278450461037   0.813100693253043844468544267298
   6  -0.824111060261317966459072202330   0.473880495867568685210005632577
   7   0.932819285162041871806882146761   0.181464847485747828091080615493
   8   0.280954366475646218957235965722  -0.907464840356177290494962988487
   9  -0.315911292478876227285984037479   0.472666734922636738744516743841
  10   0.437203830014334215751940841942   0.842574953327053162946487548551
  11  -0.948885541755352390736607242662   0.000680908377940788355024472219
  12   0.916847415570060479733711364882  -0.243031966703703453360884435563
  13   0.397269166958209641126010005948   0.748018146120566698429896353705
  14  -0.942180223158500172169990993718  -0.102478605411817422690265855185
  15  -0.684680321023165039452092119550   0.654720810905877603903168236670
  16  -0.419350658309325735403835952371   0.474853196885742942485832025162
  17  -0.096719663854121592259824987385  -0.941552462853358608240897084501
  18   0.179236876221191447548615593805  -0.928943858251140401090742045592
  19  -0.220404578269924903174307207386   0.515694934782191121590907173073
  20  -0.939204784053955627206466213479   0.106165720886605766824317745841
  21  -0.601474940230998325716130483638  -0.728512499844743962842088483112
  22   0.464390221262604555350779810529  -0.822160568165861742367222476083
  23  -0.242978965286835712767638049104  -0.784058609219250496888410098681
  24   0.809428617570742304049635818157  -0.229834788602753543019798296415
  25   0.619166877712808726327659991159   0.710920251945567684662230140015
  26  -0.916999407345886047220133842461   0.216547148580252860086028449480
  27   0.526876402899646623816652333715   0.780486868338849052362730598484
  28   0.059460190681694774472488958986   0.672333491907013917321709251051
  29  -0.916524512397250140596342781863  -0.211209799909984585679799017064
  30   0.809590862321905741596411299680  -0.113051531446191078309847142809
  31   0.930070707139853359368774805031  -0.131670395130082387937337814795
  32  -0.303236695635332566599958692637   0.888389345974984717619553332086
  33   0.811720334231428690666873893956   0.178528996640815491139546893669
  34  -0.148178054913982796989767806900   0.619876529314206087835096814008
  35  -0.751115781049430670704793560772   0.559681976658374746736639324087
  36  -0.682277229436536794821075264223  -0.640763022689215942736423380654
  37   0.836460213667589059311948325659   0.418364721236021774175850575008
  38  -0.721156959156866900337143722732   0.421484179784824838105204625237
  39  -0.350202528208404370090447430383  -0.720429804014131469557186844529
  40   0.698166646628551910831528307479  -0.174362615299819142194041881451
  41  -0.305980071366326301041472691385  -0.464090557256327801241247251242
  42  -0.213879531295915669823681928404  -0.906225978993439572797714526106
  43   0.134809111660494027138174026564   0.776730542465681439206240051188
  44   0.882521609117456216716919038264   0.290919857558189816982541242020
  45   0.128209127848426685756326191752   0.919334893454368663315227415758
  46  -0.347659268850095951913699649133  -0.859536629010574463115886662593
  47   0.856248075732853061349110519298  -0.352817248528132888948878588486
  48  -0.574582106747688155748789075214   0.719458018210527128167584900122
  49   0.685416767735764767768409470519  -0.619276307915511510457036207855
  50   0.708728528712796004654875779493  -0.318628078212231304769604862504
  51  -0.480310313747912730950124485261  -0.786022170552641463512298784646
  52  -0.855793851036380689469492213890  -0.337011277224337236606330524257
  53   0.562480479439702848135953202116  -0.725857476612383095905334456989
  54   0.776051056045252587311316637633  -0.487997763902263769549781192471
  55  -0.848812327176765960566498955496   0.341897591463482642289545547262
  56   0.039896963611855251336767093268  -0.910230405233970494529976784256
  57  -0.029633622767450289785095725040  -0.261786194946742074610132557429
  58  -0.096839226778402921531624480105  -0.797537478921543941462476570651
  59   0.486623408915434908127057890870   0.634407573817768506492177374303
  60  -0.148545137807354120302109547921  -0.408777025661439536933616040484
  61   0.598321330381485916414346172019  -0.454308358799946034226348950701
  62   0.286742094158768277432498888131   0.853019437242721491605339565110
  63   0.709631934443439578765442451907   0.308106178498490379507047688015
  64   0.892670769274216444326075347564   0.030884533094466334662043907957
  65  -0.722003561568438966039808121980  -0.471731991279103535251659054649
  66  -0.577228882789598579470394210213   0.527890775136560553460954118925
  67  -0.198766764334508796185651699804  -0.615772449627966864343930954598
  68   0.267209280119652404809629834538   0.631234323365494792640881143762
  69   0.685152475381405879651231546863   0.537800448927828797629640063697
  70   0.507598100778831137455327067162  -0.240745771698210912107184788729
  71  -0.489139065288007546602029253393  -0.565826501402377986741664184054
  72  -0.354992982249808994257117872812   0.669632270275519045900212497481
  73  -0.088069955443233540530575387872   0.834706525046164364338411207780
  74   0.611315235302444940190017816837   0.049875067162789736071862591990
  75   0.421305820785109543348181373620   0.359428705052608454060919880333
  76   0.021570547710451494473681387165   0.403652679566270833778898936913
  77   0.198418676047736322522704110980  -0.018206907178583988332046171248
  78   0.215912378413834940849740943266  -0.563289447486428500820346714880
  79  -0.471055501457874327976158033677  -0.000000000000000000000000000000
