   1   0.507350410430015033137753307597   0.214247184872060225475883597955
   2   0.664668651100633149887135249521   0.329927983206132735683509193295
   3   0.766822400673948934958121986755  -0.299447851325397545853955251451
   4   0.688934847107013538866584961172  -0.645846849502623328688216904555
   5   0.790831580552872442810269442818   0.515216113331108889848010333758
   6   0.551304841549094498828004081471   0.765516605094891956030557763950
   7   0.718620717714669697638911178414   0.427952718427793012497095552983
   8   0.603921944497088941825753559289   0.424497517742397830351371588292
   9   0.343317102841529914452734285968   0.757938611191351996662533882072
  10   0.545852233344921607523493423911   0.107892811303264801307200042025
  11   0.452264711361775679051467451672   0.574734302430935274847811820669
  12   0.550533697050787574275065044847   0.319900950117443629654779566277
  13   0.064413268836076502808426782795   0.937401331223318666624815946340
  14   0.597139349213961879602200969655  -0.724683429078883631170402510543
  15   0.332965166216936228387040149160   0.877333001441718657392456139543
  16   0.758872244902407461352901061203  -0.550902984169765125706230952453
  17   0.453448333653397610716086545295   0.696871866766767863745309386109
  18   0.445950033654357599199498844382   0.823407935054340259641488882812
  19   0.486129002406018663933755386939   0.455940855858525484498244441497
  20  -0.088788411803480452913478051445  -0.930759962128302828691977144684
  21   0.887879830405938433542854307736  -0.290592100532308807012060510956
  22   0.340820943317400549858094945295   0.633056691507232933339165166928
  23  -0.221128406022774440072118381434  -0.906020893735962049315139833861
  24   0.761681916745991027406699762631   0.254233579605297389813572352765
  25   0.630693699878737792523777997863   0.210853740217767345136186853082
  26   0.088366964629474997302339285585   0.809273696706756220929685917990
  27   0.899246343507274837792255877074   0.233572000120897377719969603902
  28   0.348207296617972845455551906795   0.494827087046971458746560623105
  29   0.217226977367608638302932055312   0.390335864314415833653096702106
  30   0.212934640296739959325160803201   0.736499919656103644270315179336
  31   0.198776794241821282976856846313   0.903315487815191394497327619433
  32   0.052208333380447601171458611825  -0.922287039166273890892812333774
  33   0.842614482717049542667919690700   0.375588178432805788699025380192
  34   0.818366152726181749202267767156  -0.423087599869604283107653239626
  35   0.322250120015442969312131236416  -0.019964597023569135684980503850
  36   0.470048031321131968016549019247  -0.789111460056874276425494626429
  37   0.485327162180257737488539311792  -0.020594326442517601291557698985
  38   0.401380138834732631493169444269   0.124434555284094978106936226779
  39  -0.326159843716954739519340240817   0.853554847882528693569746137596
  40  -0.911243662756556784708168786252  -0.033883907640288240857573726732
  41  -0.361593221104521285173712596139  -0.835112900106733054283400957965
  42   0.038616749671487916868506886127  -0.300674985868662652454542026049
  43  -0.893812270741907527084416453518   0.147443346281396670984620274256
  44  -0.484604495277183745472805591808   0.762622578520536948916161829604
  45  -0.874081510471012974774620184355  -0.218577050945153268361820776848
  46   0.188168367533309901728271510301   0.562444400997290504706477288641
  47   0.004468286799559492715495477268   0.656203887487346950726071839164
  48   0.382922913028022193767114505867   0.318217109190948848878193279039
  49   0.145101480773325644940838330416  -0.092524480135592558225282998106
  50  -0.816039380799036524388492049455   0.341829114237039709762311893202
  51  -0.776678878585414983099080750774  -0.414381696533286501757854917319
  52   0.633620727632274086162377482967   0.604182464309056459830491841281
  53  -0.110007440789163849283031537534   0.861006294726753083939998336609
  54   0.000911417821644009491328454958   0.414198744835439202705164823046
  55   0.246906025837662134968492603876  -0.819876139711188998692957369510
  56   0.168796858632482765131095355889   0.170232352745822415064807263393
  57  -0.626081348859343314629614570082   0.545161096543312374327028672087
  58  -0.269507206574699640472283829543   0.595334300125295058466819873492
  59  -0.530978307545054633986952337815  -0.607889640718031313161322060884
  60   0.783829637756452964889915310906  -0.029136389528172536295524086695
  61  -0.089215420935814423932926364614  -0.616733849347491157226514840890
  62   0.421984949467843841541417309567  -0.403390638404279350989143404120
  63  -0.389560178030239606130119118730  -0.000000000000000000000000000000
