   1  -0.893783433907841245795184659256   0.340208858524267994905306146568
   2   0.853423229989138778785881575282   0.431043916738505412174717626764
   3  -0.725598950903000778733262226498   0.438278700146340915897731340074
   4  -0.146285320023287191521279763473   0.466839041963804588257862364814
   5   0.652864074820640212360332290075  -0.697469788673371461107978603780
   6   0.342526728890866154284625835684   0.269298588653507382304625703713
   7   0.441466315369032117800545491220   0.684728549026577070800445486399
   8  -0.889571711575127977344469602073  -0.346150099288433321790840955313
   9   0.620169227815547512924157140596   0.725296746167829956012026191487
  10   0.748536027175500445896962464405   0.286282652440470322945974914895
  11   0.431822021854489119511731937369   0.493879926582770976012526020486
  12   0.439279438911286780722229306519  -0.593643547135940480979964843308
  13  -0.300012315362079966831273455644   0.366428289270028601309643208879
  14  -0.164481408226734217644415706741   0.556562520187090628956305125887
  15  -0.264810828788065250712106376345   0.548408078607966562220522332395
  16   0.345993506193328266358551969598   0.532321486114186899368393080712
  17   0.658353911874098976992161584663   0.342113695818838900764144338712
  18   0.264068307389635871390861812811  -0.914213981488512511594458180737
  19   0.436186904514354089460952520009   0.266487687843785026985578264637
  20   0.882310112631311723374339199255  -0.354651478303047096009422617822
  21   0.337304282442188997915775109405   0.629127732301676751395527969470
  22   0.800732094249553616181725698420   0.205990971569068521387888232941
  23   0.428958122358111109874832448310   0.590246094171619658901253929956
  24  -0.707095697730099226251224474842   0.633687911511426145542668515856
  25  -0.125033603876509946045310574541  -0.585197160509434419852080813217
  26  -0.046381571839090213091467834637  -0.515060008782129452839211300771
  27  -0.779308529539251550274440416910  -0.540357418397561908347568830226
  28   0.574445265293931430476241952562  -0.754061101046891632774125590490
  29   0.798448298469306160318008467062   0.510191909808614093650895096407
  30   0.255461600583886097198632557675   0.224755234179330154920125205582
  31   0.054138210605326089613619958507  -0.543933232515246851345642045627
  32  -0.242963556106457289522168122602   0.449560983392606047868296868035
  33   0.222113097139181686612982126151   0.326539722494024162865196347365
  34  -0.711511866011029808319762602322  -0.622348102591872578721544784414
  35   0.686768530033990487752551933210   0.648819038906607138509354247175
  36  -0.024230062502030361786169484770  -0.619653974540911102309300424172
  37   0.127464200934671432687433447531   0.815778585647279844690360440566
  38   0.938851801499878939433113284262  -0.091768310607275354674910051182
  39   0.427906654137542069499141683349  -0.325261161464616910814027972154
  40  -0.139013889458509991086385532431  -0.931920982372328652941685986548
  41   0.813834719097014409814353650003   0.098696061624985931306820138690
  42  -0.123036588360782376455606824143  -0.694953436569747322548782190712
  43   0.163948980309966449801193243308   0.926074457272453076298403105165
  44   0.268751425647767178135670154630   0.112538755927762318937720866069
  45  -0.151650657296344107923324089861  -0.476791996653899599476152985509
  46   0.755049916972895175098918637809   0.393478342815361689989327597939
  47  -0.167666145361644464117364112270  -0.807520663454465180722033092811
  48  -0.768102288917255820355688835681   0.537012697846187232046815780662
  49  -0.832794144764883359682402878366   0.428329817529776193225730414842
  50   0.911909460828892096524354932070  -0.209665054544400357170511250792
  51   0.381648460873439687719707897938   0.166546654094436059333842095038
  52  -0.258404511555421911517888995706  -0.897701241485784802783630637544
  53  -0.811102379967898638654662614708  -0.426321362256754545970743445821
  54  -0.679652273355548484756702433328  -0.474856521307494889292080340258
  55   0.914903920674146546213547758266   0.175236488400564653022619154350
  56  -0.487751914918656477715113943153   0.792524823686632079589725520985
  57   0.514794595934072016836353186367   0.774050024252706882700547166970
  58   0.927846950215752347579695015992   0.035855403657143231824052251443
  59  -0.605315417572656856972344133254   0.702749544815234441739407422582
  60   0.710013792443938902130969026146  -0.593925283074023165695804882514
  61   0.547733798657309898467411312764   0.628985693123880165914827095563
  62   0.868405623915769470854627494578   0.312050472407451634344147280985
  63   0.560887112748353166844363092873  -0.617343966791127153605154375514
  64   0.399007277849664073709823581707   0.023759054284073943409858544166
  65  -0.100982620213238169323417255397   0.117272748500156112409073529713
  66  -0.462997511920772095871277683178   0.643470291667335731881019778687
  67  -0.240534346406825081691240007908  -0.363448782149249919794682378931
  68   0.340873352946377064749275497901   0.399204956431908457743425679293
  69   0.791237660383214874988131678639  -0.455544332511736887696471788150
  70   0.657217317865028089975291557345   0.507436908763841714210036214889
  71   0.013677263899807225054810737200   0.908983187432961227505469175130
  72   0.379273734372346457245850550266  -0.467504781529834588111738032975
  73   0.520801014156641877859665778157   0.383452350989589628257229074275
  74  -0.392726401129564939940051797532   0.477933929919154788986965522841
  75   0.757912859078562653260755583007  -0.270680696340052785750056744362
  76  -0.602039034132061786888094717661   0.520243522362800316243382701131
  77   0.777110363461663482305286581312  -0.063031438413686434183101026938
  78   0.212507596284762490801729621745  -0.588883455109885862574171712331
  79  -0.148936656243089323420676052852   0.306956947265985605019035724293
  80   0.587491228007048375781707773091  -0.417940873123284142505008622960
  81   0.077059726442044718546629285735   0.220322292891939116918131356632
  82   0.315553162442820193115294042372   0.808936880942861123970017584452
  83   0.384293790235261297852729413636  -0.770681869331597760308158166362
  84   0.538994598639130717952335779417  -0.153630154897623530676787628649
  85   0.602971477829255094606861513465   0.144222719956689298032952824728
  86   0.063568586448602762119645170953  -0.827543868724880344808513377959
  87  -0.232394953415512830332260097326   0.779864624257194129391702704047
  88   0.090898852271638660861516404158   0.553830928893973013226808268127
  89  -0.416364466518437153253345645779  -0.635270776827731207876266567825
  90   0.099622808549568391657726156807  -0.199118150368525999595804185466
  91  -0.583542209519414920761924643447  -0.000000000000000000000000000000
