   1   0.305606249734844649736392130606  -0.464237239476400183368663827218
   2   0.736461015339623687817620624233   0.610549221657740616306487014888
   3   0.846598143267375469811670886448   0.444929391821299727923497570288
   4  -0.151178200741398826259034440883   0.468213871171556346146186137192
   5  -0.723782494755099549104715061113   0.438322267770931748020757273308
   6   0.659594627916745015581780017252  -0.691531805234571738847627006208
   7   0.430665552932374986714659878771   0.493734432972442196270399784265
   8  -0.891249783934448969350021470179  -0.343475714994285391437557361719
   9   0.614917494757209995996288152941   0.730531125213446763384696278544
  10   0.657217508260345055229379718991   0.650520417976683357667547635453
  11   0.737914975778143349217000794045   0.299100065783656358884542858785
  12  -0.168088006768775862956002244577   0.557096685968353617884083780917
  13   0.263018669744016033367123713770  -0.916798638927781361780562985533
  14   0.340795410483564682046130220000   0.534999835777200307112519894312
  15   0.797485971773371079539198384957   0.212645662763394998462890851060
  16   0.421725698043646684972128061953  -0.307409607376839968729796349393
  17   0.509190000801939008356859961240   0.541672274115296912819167021556
  18   0.420360479026541242895914503382   0.585468965213316018443223899323
  19   0.245253587159302035931470361594   0.211830801525693437551461586658
  20  -0.305311591847838977770303656762   0.371366484499081388598865421455
  21   0.656080039901897929617198570120   0.346045227036045170787207760896
  22   0.427412685610469141705955252536   0.681948961705760095425504502565
  23   0.428204585188089776436805520923   0.268556494661323180447715618036
  24  -0.269363665652469584166699048876   0.545041246693395716971341803823
  25  -0.710433803521359165891171470961   0.630585339130496228772077284690
  26  -0.243345900924021603341977908540   0.448317900973136935591118054463
  27   0.882158679380273172752793667645  -0.350344318586138653086900829926
  28   0.327611037049928682654670832895   0.267459242361842413903909787555
  29   0.333052877613725067668457515538   0.632795237192707934757993514004
  30  -0.049298385881131823853034550793  -0.512565125364580134847327039764
  31  -0.781115842432752716691564743026  -0.536460766694935715540771123470
  32   0.000717739568309067744600778669   0.800370006407687777103921480462
  33  -0.128633866343198442814332852052  -0.581736038143630233389426206348
  34   0.941929179085650154198419175469  -0.090723595392435836570775282685
  35   0.381937496848230452589537698750  -0.400662715267579057082905828402
  36   0.052435250790081392606063228293  -0.544457956565632434104601284517
  37   0.786708694341845398461874987921   0.523385233949788616267017930433
  38  -0.712517186572270243685116057014  -0.619868233655839876035840218195
  39  -0.026856914947902654523529733347  -0.621718385012376721754893966669
  40   0.227377218042950059377414209833   0.314930736014404802408121790016
  41   0.813005904946516763627405387734   0.096342895903890665605444245904
  42   0.574112538769228626397962881501  -0.747230343469364822690385768085
  43  -0.152091170066776734240672874033  -0.472724521058205431978358167958
  44  -0.119480461462720550659530849980  -0.693791256369764007762440775530
  45   0.380973541576326502432884768004   0.170516043243519017433403028590
  46  -0.139706627812202171469403793896  -0.929519702229163505875491608912
  47   0.276623228340708341411462344407   0.107747985930483784921078115753
  48  -0.047732935404755938542495518887   0.937454241739911647339027058395
  49   0.747456344938557614043314321638   0.408524467094836918580885069197
  50  -0.769813918899879637220408778377   0.534695791396711473381502492584
  51   0.546970324784212567987957520113   0.645873472634475328477668741838
  52  -0.166926995885225646279081663659  -0.808313218217386763094647595030
  53  -0.260678593559501163407980546778  -0.897858872045666789429490141897
  54  -0.814424665924033391965277437783  -0.423074283024306269299691516268
  55  -0.679282453006710796928192059711  -0.474531863836785283400385719028
  56   0.909148618967835710323035785255  -0.207410548233244812346309069777
  57  -0.833904148112324624674540854394   0.415329078318638988110250353804
  58  -0.492860540378698718377550054105   0.789391172422813022656504918125
  59   0.716731407439718778728792319307  -0.592128820762732467066755869740
  60   0.911212612116191641481239241868   0.179177082508847830342522971075
  61   0.926932510778448017667512881827   0.034518525639381106975969596238
  62   0.505495055236678476130116678536   0.776411365193205638763135173911
  63  -0.606143244092119068272981712565   0.699107592185581333060384904859
  64   0.571522116006983212040497267694  -0.609602760213268687040879313379
  65  -0.464167366246574731336235385795   0.644952088587031169628730921605
  66  -0.103095070611149618189608551775   0.115370345092048360865850399569
  67   0.861491740574626628827045156420   0.322170821089016980910818317235
  68   0.395845851107672638641532143482   0.030146032814422158420342113593
  69  -0.241770578023093907921699253849  -0.363348031471588106334034935616
  70   0.337652590537668078706994609180   0.403621275043340189564993318423
  71   0.792194573665859356348011325553  -0.454400315562966078606586181318
  72   0.643060417526847883851692267348   0.517199054459861351929335767486
  73   0.100566182906329823892368221425   0.903649333913564211696458227410
  74   0.415650479431942203940384052938  -0.544402223876632190921106021260
  75   0.516828474930147379078990689193   0.383170065796966407602214043489
  76  -0.402469781842906701564282332814   0.480880617378759162529324884493
  77   0.752892786984544033064798369162  -0.270939853538442125346267047504
  78  -0.600585954685598759158265601551   0.520491424182103311629899099562
  79   0.775613712415831364219287551140  -0.063892630888212592401058325133
  80   0.212582436879232076260360646196  -0.587351231113829496426581863907
  81  -0.151780633204684383637803798194   0.308998886278874082754464162890
  82   0.584384288982531471099112224310  -0.413894546718991742033831037414
  83   0.071999788565654804469776797293   0.220108751602971353362802711594
  84   0.303817199743985525407135096176   0.813582259262461354368927126731
  85   0.379501225126574185045358328914  -0.773234494525173574192891877524
  86   0.536263747650955529676494711555  -0.150302398319981724242199583272
  87   0.604532245416626874602867808971   0.146229511328855778277908016209
  88   0.066286748133518786790244376877  -0.827530660076649333040017820765
  89  -0.237342992719646937743955209332   0.778601421038047786818245919559
  90   0.085862237335019049751307690100   0.553249189004299455224883155669
  91  -0.417162687555541873544031707530  -0.635084382552236748912250290259
  92   0.097719420107929705238176182945  -0.198656304501062579834917262972
  93  -0.584030741025644766872616681982  -0.000000000000000000000000000000
