   1  -0.561660107309854704443987788927   0.449426271071902605261929563358
   2   0.857018049905705815122208626526   0.428547214929594741992990626190
   3   0.557310144551240881873824220221   0.047221482968729795420588816252
   4   0.219426907548304302812330099760   0.718067738502305948852944790058
   5  -0.616569046540147585542559246882   0.513072514945011176027150422511
   6   0.076456898786361122281889099686   0.954254085707035571218336881218
   7   0.127170164258576244856196476444  -0.182748777227562095843442747856
   8   0.255568283159243162733954153558   0.795432415010850152956232004635
   9  -0.790779802035617824393315740769   0.342393751025932710931623424876
  10   0.414214768773117947556503499735   0.579427263817718346278935030336
  11  -0.166290551189185242819496938060  -0.941556719716897369599052689153
  12   0.225024121647965020843533696911   0.016070214754275619724218306891
  13  -0.645458973987696451749602398158   0.430236948022189753321704881017
  14   0.234383318326907663908922384287   0.632480198169065866667440123436
  15  -0.252660219329093295384399578766  -0.921081321207917303535251488097
  16   0.098951926892931055842846973022   0.434766997560764761103837049955
  17   0.672841632784669939749588141826   0.280382264026191296476975018437
  18  -0.703705033554066115010833812153   0.499626178124119128370470595912
  19   0.888785671174254648498670837378   0.346702599181452602489603304115
  20   0.937652020833634009960175619761  -0.174369559214777584588636795139
  21  -0.734691490185200470021779907054   0.412715564986226610558677548406
  22   0.641040505233047053212465704568   0.077049277721338508203980801583
  23   0.740862532113367616497924567927   0.599179926879930598016205146982
  24  -0.283001694373370686042000588402   0.413447236104976465394325682763
  25   0.914440338844183865530661008679  -0.265523251755854559187858441960
  26   0.346268837146723732565031838812   0.197038694198212735217190600632
  27   0.561428478022664992248379470365   0.475616797124319740641946663883
  28  -0.863480216329594433281117259564   0.399036184277167080257407377815
  29  -0.073525944743925525905522075381  -0.948034151957015237215032767863
  30  -0.751646672728830324473928539780   0.581841421806419919897742518379
  31  -0.949007303678487940712388443415  -0.047100127782276442697445026565
  32  -0.947932589766546922596666982438   0.059686584820609511173019321063
  33   0.606079092289683376114005013664  -0.730820879295593727593088741518
  34   0.406767688784704723744168281237   0.275473632504279322437993533628
  35  -0.017389870410564542671792198282   0.948505819408867819188955900155
  36   0.522277488755429270294672413428  -0.791475900292877475049503728558
  37   0.140117644873681187596159611842   0.666897414018276325979441766362
  38   0.621805438504334577325697478047   0.175928034865887727884260977264
  39   0.319674477417331117561986978611   0.559501300925854800224383163277
  40   0.461337219283265516408890719011   0.494577059219097082757869801836
  41   0.140437869418219635577744217841   0.772922019727449346742621195805
  42   0.040376677301232449833972339543   0.731682896889825884913608059080
  43  -0.933117252101204423796914039179  -0.150530230897208553074593210885
  44   0.301555303330919489137650531049   0.290291140372102037352745090408
  45  -0.344326124127300743673207927568  -0.879170254390481770211081404979
  46  -0.191233414080919203304567825147   0.364948298571049343610336667077
  47  -0.928609707549682431330848530216   0.164968889511491618665750170321
  48  -0.806193450297734162723997469113   0.488424134000737531478180839206
  49   0.569695930352467806326151299860   0.273387770487185880577052888666
  50  -0.108915755137399675992512149190   0.282283123045615508825822960202
  51   0.792906552418877472692489387705   0.506502881902682658352934880120
  52   0.615378249482561567036199202540   0.381851751509465049558498476501
  53   0.866831160994435135307282683341  -0.362641312976103486522404801747
  54  -0.019906905520331771241761005965   0.081793290193779162558698420429
  55  -0.017253961834048575405774519781   0.204483767349024710325205618966
  56   0.672544160543722024702671044468   0.489778390676388506124160151271
  57   0.680010470361806313138679399950  -0.644467868076759940628297076016
  58   0.460908227718243870877135678753   0.814811401995088841423875248158
  59   0.049818728496243634201360180782   0.850288301392657856195142088929
  60   0.460538589045593399700112853306   0.000495581165493561566154776020
  61   0.413482346586023049900932377897  -0.837184933661462315281657741299
  62  -0.073762621469678493906604235714   0.402936290556084164246852624244
  63   0.340072176163430680925641392828   0.867697766477555058999820447933
  64  -0.886517999079879597020091717092   0.283549495013764492909942593367
  65  -0.890636795959436590177343486428  -0.267852799144206843937334564964
  66   0.044894890304743659569904064581  -0.927935748145915196539802910828
  67   0.484028123930550780612889870674   0.371168597121715155903388241779
  68   0.925168209312585921661974766738  -0.055587907719260449834535822495
  69   0.192622208962060347928949521759   0.360577575348968648145957956785
  70   0.046532472078184011125329971028   0.326021646110251970853268953998
  71   0.751733586632916357861511026810   0.373812559696003784226067970461
  72   0.334185771232499012556422315722   0.071291107975634886929139780376
  73   0.194846719384646085897913675231   0.514648815425382469973009818407
  74   0.187546363785685187852676253808   0.899488565003131431759723963251
  75   0.337654874822499935651223147200   0.424584374578620408747978981212
  76  -0.455796139610542721514692588320  -0.793992185444127459290790296771
  77   0.150901042487914134641335305882  -0.318253410717325326705917150930
  78  -0.188056300710145681865211914237   0.510418198796363287145844634330
  79   0.480474300115157118875317104430   0.154968504686317030672130670151
  80   0.353145212324292779063935061249   0.701136440338437062855431547728
  81  -0.471916518618063940519193307065   0.772276917557516412480096617219
  82  -0.622963257328529905152366558434   0.652940126398398878767191642049
  83  -0.799770127523360350152948109079  -0.411928685562085549679851923422
  84   0.089087203023442721393505840270  -0.041403987105095615124470149334
  85  -0.017113728076368277067624796597  -0.222953571122233970328608482554
  86   0.746248308470538499247768057965  -0.483863111488076604650174244669
  87   0.007263793577961060412078916594   0.565823591211622271675819177035
  88   0.162408664472808851154271044652   0.169137894704807401340320404477
  89   0.222617963259917955476932122505  -0.845843844435584430733026237189
  90   0.571677651312772359595895159249   0.654642497576641456413407236858
  91  -0.411205482833076292158355169215   0.547421408359233353958961122689
  92   0.313954257255857338302237202649  -0.152337110083376543688234554656
  93   0.829552020386432524927845111761   0.153147633668343883205205792791
  94  -0.587107057702136042360840912445  -0.577216033903400923251489387859
  95  -0.192410773987616682708262472617   0.789557876015674665849153584460
  96   0.671743197994128679222695278954  -0.174885937521493376066430644771
  97   0.399483090283870934441271401128  -0.528000814820798153064357018960
  98  -0.126465922458197605399541282041  -0.607211885929322486805609788446
  99  -0.487706757218991320419249879452  -0.000000000000000000000000000000
