   1   0.698864477205252663061505295912  -0.636337360026352990957419684782
   2   0.768740824627817810868601491122  -0.295328623380948429659186829936
   3   0.664526387958391351829118817916   0.334631932833585595816378833906
   4   0.791295248171616303582848028183   0.514445240966435539817150278483
   5   0.708119851297120926048007823784   0.438196884842108834168940404940
   6   0.550892069063133069289022896251   0.765164433462827422527163333237
   7   0.345798216427012537649687718166   0.754343351980651982845229784643
   8   0.453370656810741886327858541410   0.576349991211137424262218720913
   9   0.593513666180648169136462891550   0.424863437328843890981061551777
  10   0.064782463829738559011978205259   0.938495282991058613870813944457
  11   0.550789131246826140895150208483   0.314270504513635308856702427056
  12   0.600116691613948296389852129193  -0.722956339988082319000263824265
  13   0.478956494698719447950686545026   0.459870989054219307025591981048
  14   0.545857375099494896152042576968   0.117739615809967606336274962433
  15   0.452946492876924633468648720491   0.696815142345730128534776492792
  16   0.766119329847135336856658416555  -0.539574322007056825179614440247
  17   0.445269188208597231644935351957   0.823735284331407062630770687555
  18   0.343968791493900181390374717741   0.632370436104578677186453684345
  19   0.327552649380034192203951902499   0.875692846600919680449228200662
  20   0.889414686062713976706804457816  -0.285770006510325507470317922080
  21  -0.088787112356479116159583774024  -0.929185337751373626800593157371
  22   0.760846103541663272368782988082   0.257739873334824850127333593499
  23   0.631812395323323951270253410020   0.215094184852933474071869612400
  24  -0.222571093255359507853199925585  -0.903891317000673599686776549731
  25   0.086058309533978990782982177280   0.810987660603360536898221277865
  26   0.897880233589562534272564668319   0.238577861350498710963600205972
  27   0.350811612714764056998718406524   0.496300605244494692622942591998
  28   0.192915478450802982844220177689   0.905920948005864278802167612729
  29   0.216380479976559858116152016868   0.392007859125253127609606265447
  30   0.213645907492114239314278936506   0.741473091914937313946445444355
  31   0.825843065861324272581568299748  -0.413814604403249642238384777910
  32   0.055054428852393671001308506778  -0.920855525458358098229191318829
  33   0.319583986747480721822828672780  -0.010299889079979113937459216951
  34   0.835255493624364994398807530737   0.385276310146018669992919440578
  35   0.473430589561586057015223169657  -0.787032749204159578133265333720
  36   0.401628406353215064394255202828   0.129230859564173073045499701776
  37   0.483580738239171037519521189002  -0.017043473954784927719837509577
  38  -0.324305760015857338873734846679   0.854208657476975376655892146239
  39  -0.364357806713731072261519795550  -0.835944301485087746071567639789
  40  -0.909367298021988331007727442835  -0.034603756968370640595554405776
  41   0.041494397208172919991059270020  -0.297812894476892156019912230223
  42  -0.893524994579277021827330198594   0.148849670659167729985517535577
  43  -0.483029999253887273192216884689   0.763556038050379310379955408608
  44  -0.873691160768276538160698943441  -0.220173568622273574166733193164
  45   0.191786641316516968205731511741   0.565986465658800713537782058687
  46   0.005982084174379990131232955795   0.655772482607420996440829984050
  47   0.383154460856691134334085874283   0.319440753213193120956614396036
  48   0.145927207163131172855690951498  -0.092604779405641963924966477996
  49  -0.815385822244525066203264299510   0.343216576409291483991894950194
  50  -0.775946360721975741722343081478  -0.415782648160828417461377824381
  51   0.634075069640593383685090526091   0.603603144841783855336239568647
  52  -0.108008711365082507535233165926   0.860997544290259484252757398550
  53   0.006780551104537379972176511624   0.414144593511208537412028127854
  54   0.249901395176917534541616244912  -0.815862153964042879288824849019
  55   0.169637161458568299837315577349   0.170320837155688812569126897582
  56  -0.624567363439616836692198465153   0.545958249662069996573821794535
  57  -0.268298810468003575656685554859   0.595546980269572387303297390248
  58  -0.529899020762168347401671587005  -0.608685554027614953610045529067
  59   0.783857919402703507607300902869  -0.024750898419447754541764275661
  60  -0.087822772543161314020206733929  -0.613476204895611413082384923887
  61   0.424616921101335061438818793560  -0.402300613252548668370375717276
  62  -0.389039281007381886781714189584  -0.000000000000000000000000000000
