   1   0.059743240264966099897496875467   0.011688007626471265952438581211
   2   0.946518599367223434972742004973   0.014978277603790427941529327886
   3   0.769250036997805937415211532564  -0.550990125707490518805347865797
   4   0.727705349412339943616671897667  -0.015342485984395196185250408684
   5   0.573496120301887858777963652433  -0.751538568805432798682237762091
   6   0.881379371975380729066636453788   0.340639529241640520800575523863
   7   0.695182138692837566948954487066   0.211994822197196846768449251914
   8   0.753471018859006605247198325120  -0.359041656523680457213102488339
   9   0.514340885821164187727780326211   0.558666133231074984199882336163
  10   0.838676697109722209120856724175  -0.008403909147826857003710510789
  11   0.937655799500749579684131465494  -0.095521048762294755963925676997
  12   0.758634509252512364871337023349   0.558364978654669954803275228073
  13   0.611434633028167977159512040659   0.289470339866002439798569708579
  14   0.824504322728797627167870060937  -0.123616258191646010835711437295
  15   0.705797305027490401673930050875  -0.127079852349641076024354999858
  16   0.824368105626935924248430829340  -0.451175467099665563248016641928
  17   0.697362246428038008210177931390   0.095630318233334667812024520718
  18   0.585085804803597705735729306448   0.172391612860873662086632519339
  19  -0.607594150341336912816423446181  -0.456527027303223597806183507827
  20  -0.194729073147701443086945653042  -0.916792835229837925277125854919
  21   0.873563539207467262209425005816  -0.337703967143351442778829346117
  22   0.120727352383986422487127687680   0.928046155778837928351386145704
  23   0.910151469919328276355258908276  -0.214739697235263428422644098351
  24   0.781692824807113295725626846591  -0.240742064693966036742946677796
  25  -0.581321043212082351719361385434  -0.730549379819046789538874013402
  26   0.818089950131017782253155835510   0.448135181471441007986927887201
  27  -0.318891549446408899337095438551  -0.875720449047703007012412699528
  28  -0.149836372942838726318887814658  -0.792588163193284858075077727125
  29   0.314509695852291363004855223210  -0.875387865272570446669821145286
  30   0.251383139130121522454895360621   0.894623836967769151393752061286
  31   0.755696237079349520578603969480   0.323930578483233030704915090872
  32   0.029422422942597673941414233610  -0.763638522770654183229418970434
  33  -0.923621654433479372474082033218   0.068965618684801820237222071237
  34  -0.921172217513825478270145270258  -0.085237243792985129384650581952
  35   0.491880741515729154150762580958  -0.649462802139598799103094738201
  36  -0.287130767327194984341494241012  -0.733938929190028732233335001719
  37  -0.233547813845099999363916240665   0.891252721508049947510077887136
  38   0.667505138036264510094959751173  -0.464298802549755022630255901483
  39   0.445994115666335988574805204040  -0.800623619529449302992305279164
  40  -0.448975418114008510826819791134  -0.799396655578321629697215596283
  41  -0.888013631721360657597877340393   0.223086612706799061454595076551
  42  -0.881547596455158523157128075360  -0.241220697090597540717552574553
  43   0.655093467465557731789170801500  -0.634764526457127041881390502880
  44  -0.042450203849210894337214596068  -0.909301457129412616495347509967
  45   0.637596344557050759256077913878   0.646865926347683455905618954660
  46  -0.421220170751513197309222796727   0.802260430116597102597768769846
  47  -0.676823212133644318267339678936  -0.598967761498189206310385738182
  48   0.145896936436587141554934915450  -0.889412676455518114537763853894
  49   0.486376638949026310207345135876  -0.472089250084647183560229750856
  50   0.633678145999203749277371543588   0.450835722794752863537219439017
  51  -0.046964427324574390676647886597   0.891207048522718706482152108968
  52  -0.796027270475245412633866058277   0.395579406492171268752914299676
  53  -0.779611755228054554016235820737  -0.414486981903309290849183871463
  54   0.864668464310589262852039153947   0.167034172480843025433014242517
  55   0.594757661858691144579620186531  -0.273618452654624631128206029963
  56   0.130816412343750608448659028834   0.734066925640792117259722557938
  57   0.537493959557505248264977374839  -0.019298801494551200941001223427
  58  -0.438578177917106555426535287079  -0.573430337288173110826506981821
  59   0.412563909977561554572278139695   0.740751273350806765696785024699
  60   0.253223027151265121758467392725  -0.651160211823297754333391918418
  61  -0.580774299195793867668949654407   0.585040696179541595334827983317
  62  -0.104962201381175559952302806826  -0.535096358456818099407584801231
  63  -0.187127431156007308208589668627   0.600570408561734981056551235363
  64   0.223581955097982691446399800211  -0.241229768131020040118329930954
  65   0.248361561278900131870191363749   0.314995196537375099752420635844
  66  -0.423297879949741376150277155740  -0.000000000000000000000000000000
