   1   0.764830669854208267067626843446   0.559474117112988707536243102899
   2   0.294461388152032300073590792067  -0.218198955689499846516735141708
   3  -0.245030801653641008760275505902   0.490220850196151101053438313690
   4   0.432223922848843063375970561674   0.622688317112487352446047912382
   5  -0.554341766442358750036504901695  -0.766538923669176871637742708620
   6   0.553040377284530168994703458894  -0.237259265394691846946287972074
   7  -0.116278627416113442982920871987  -0.164969828136354609534412916094
   8   0.267090227320986881500142146308  -0.113586888786728279381298150762
   9   0.397277769169851133093341403461  -0.132995731441803404582609258825
  10  -0.671797492338020582828612309226  -0.474626450886974440739999740420
  11   0.341159087816207558162656925226  -0.436363418493631569911155731311
  12   0.729673124410690545910492813777   0.367274776321915889528398575987
  13  -0.607399461018749220224434357274   0.720261189623217767997537361235
  14   0.691492523839929649236703225932   0.476452737396446390564385942850
  15  -0.512378603030899353902341873114   0.789394104989410949299732956786
  16  -0.555289824610473013237787148783  -0.488068670828209830363146333060
  17   0.290763306721468327863864797388  -0.330957793202843429608582379008
  18  -0.770595069046811866969818114244  -0.537200066938593828630240219988
  19   0.726361587065718171009782286713   0.248741201074761516417203558700
  20  -0.286440323427425208866708520915  -0.399676048550352006674625056108
  21  -0.504320275020055928787486399526   0.486743572960385132067771174914
  22   0.292400522280752214613442678799  -0.750993336644231423750344534331
  23   0.409047756520332403728439902499  -0.700417328563982949060259343897
  24   0.774272873979476972041817678847  -0.131990147085779683949750050536
  25   0.816998358582704763941112821681   0.453887249166692045541757676768
  26  -0.243492761830637403897011498670   0.370885926216157365483355483753
  27   0.923580036588224257662381322271  -0.132161254463064586322454146256
  28  -0.830426005134148258292083524139  -0.423553823998547417029533079147
  29   0.520388127882288000313028371285  -0.772392590866742688629992334105
  30  -0.826020752191037048820405720674   0.428269055569408121089953148472
  31   0.678076940691570710729072815055  -0.226893821391727101503935049673
  32   0.213302964725400355017489350691  -0.447318247094980457358747159636
  33   0.395854238905834514477724821968  -0.838807529767037398294407375869
  34   0.146022211947993604810626404872   0.478180934706918700386292157560
  35  -0.369526907496133296058853546664   0.461245160592463572881440515594
  36   0.255930352658440549203169154407  -0.888037795358562736814233424057
  37  -0.312525275830005521968251535369   0.601775669352327272622148972570
  38  -0.431107716686867473788466493364  -0.814682391465066683240060725667
  39   0.299986857198548772026351141137   0.870116343944898638126253007311
  40  -0.451920851320255360958400797724  -0.656733104288640796395104342061
  41   0.419648839000388132332729486894  -0.269514955309024578763226465262
  42   0.349860189183358778021885295237  -0.001363954967154796691711405178
  43   0.860403354732477121776799950025   0.309110711003616713508498131148
  44  -0.160385705888272411498824658393  -0.313139223255058667249230225329
  45  -0.406461684823205154574003077070  -0.491808706338515658866150307561
  46   0.308831616308065979480807412093  -0.581003089035404328789840129604
  47  -0.478597366526500600407697775338   0.640719946529334202165252724849
  48  -0.047391239880567225627762620335  -0.030805694645017856124608327561
  49  -0.114573529023246774243193427906   0.894322663235664665686240366632
  50   0.454110480960815819524641631099   0.775803023809813456430237104837
  51  -0.635108627652964765010078578456  -0.630725642732843485773581934283
  52   0.844853612789722095816369373523  -0.288660171937368673528983182463
  53   0.155350556907650641304892562956   0.009261153753913572722016039283
  54   0.613970106646812203715334987667   0.631049169380859090518032213451
  55   0.101442612009075924884427975536   0.870667906400939159571315694939
  56  -0.678413207414187173241673707303   0.553128946893445939686286323879
  57  -0.325091592212770857304927177128   0.807684093985047446870372698322
  58   0.246991379917315704968206789160   0.661316804145437810202724026389
  59   0.573404751196388078493311468507  -0.040909701827214190224901855846
  60   0.845323504525584959976935611267   0.072239541401393332668073245523
  61   0.082560294319677305097090832338  -0.253619225491818616821741842520
  62  -0.061641936602202611781339475123   0.626079851595216393263558855525
  63  -0.009203872264360464595364522190   0.263045508348882058154715102798
  64   0.604265921750292949656811941013  -0.502044323283883948214069224691
  65   0.426216041852431752145478311421   0.321370735928830317711456297226
  66  -0.069446756632173679598588044193  -0.693339910229789669304233458816
  67  -0.571223480896723539434709082509  -0.000000000000000000000000000000
