   1   0.855652921342839580951123089146   0.388694706963616111555423722233
   2  -0.496100105065903786582282444905   0.797513454139721623229292150975
   3   0.909191842674194326655234646578   0.233202379470786251643231919612
   4   0.686035526401304680220031827767   0.639707385266026482035441758589
   5   0.628597952024259119588015192087  -0.207631820122305021647988083156
   6   0.294107450923407492689130587455   0.763011776639680972316034165058
   7  -0.384624598139074360162706321939   0.853403654602095035451165098684
   8  -0.686690028068692872856929974270   0.409321467628280549531099219563
   9  -0.706973582504784444277380932707   0.611370691986205901280476565856
  10  -0.261958733894684474884715631641   0.896439279225663130347009051947
  11   0.409071340977382932891039636617   0.696685444280296323432175780426
  12  -0.278007102227842275712411174558  -0.889964094126823542343389629654
  13   0.126108390463267812497475382069   0.922978514015717056199393959142
  14  -0.784265338275053058088454742605   0.501120695787584711714275323559
  15   0.261304270011850944948122860858   0.892351034880163116044705441242
  16   0.407792862761295655563861592047   0.834607749419689676644667211743
  17   0.902191552584687092499014049409  -0.217082203583945250650047705560
  18  -0.449089518368540764235026474457   0.672224595127086064272399007944
  19  -0.138620872656967883184204664591  -0.915485688871492332414009798252
  20   0.111512757599385770040011036799  -0.699395527557834694476553829259
  21  -0.597061126721801083882963504869   0.704809758851469365946451024310
  22   0.917631345303067949250294144305   0.094595397931475787605282998124
  23   0.551610243513369141961933776321   0.737641395170491113001620069232
  24   0.777121624257366381405466828548   0.017412290863608890134600674479
  25   0.916354567735081693903654663022  -0.064282168820560159126582968564
  26  -0.916382800126403443457266812629  -0.033507477279474293762398231285
  27   0.762621358014724792312588687833  -0.146336291648666022370061640262
  28   0.675150484765222258658982741035  -0.616166026123203605630714334619
  29  -0.901537658678847881283570067846   0.139957965991426139945664703882
  30  -0.413837366382055747710002506270  -0.811063411101853384843568188635
  31   0.756471290800459952705675307477   0.503325171628969812089153242544
  32  -0.880497958119731618817206120296  -0.215817252188651112175618784828
  33   0.135263878080937435611374838862   0.759070678632837964015255144211
  34  -0.348031804074349804950920414770   0.534231686556601420597725544414
  35  -0.283293039670014642442152712916   0.723640960347547124973892109001
  36   0.522846141672119245861481185007  -0.728495781680736427908295263883
  37  -0.833654385139081622329664067005   0.322075605366773599662517258420
  38  -0.555325992241849482546943966866   0.523701350363043499522348812309
  39  -0.790584362842740785060850841763  -0.401823554465122956918966943405
  40   0.049538977020058158771671420237  -0.881479955091267973717662301257
  41   0.260114896585587343002909259252   0.581357323778770600849255154082
  42   0.573072763269869738283773371827  -0.026844388730072614489335248601
  43  -0.066205862654708616132547703201   0.865331566470741959028328141406
  44   0.294878598546857155073099344208  -0.809367335082712655627758406838
  45   0.519265785510250852052156379063   0.514499335573694171502328541866
  46   0.750965704824377255806535318177  -0.387510877379726595164463750360
  47   0.682059829785354249137632620513   0.244225651951145962855181912493
  48  -0.568922966223854626474165445106  -0.592032826998032253327050577010
  49  -0.054041340273757956251279578608   0.535089157077873423116697271394
  50  -0.171832305436203990342411056128  -0.619596228713203516499783577237
  51   0.265061557614161919995713017794   0.206811592960176239939563054965
  52   0.287156385831234734070767210551  -0.356547418778138572381733213420
  53  -0.394562255116868820546423277573  -0.000000000000000000000000000000
