   1  -0.030173888268308613538820595161   0.154559680512776620017828143856
   2   0.557596939311956212892164177549  -0.599822625399363740426176451260
   3   0.373972377678677699559054242994  -0.875432895188360809174562758645
   4   0.281995510464839327781762177660  -0.908913205466663284830552480424
   5  -0.401557281016395701811648482247   0.862435332139877872142998261096
   6  -0.491341980958447901081540442365   0.814254811627197230859940744055
   7   0.914719829783485816481451817266  -0.258982639890458938233719598648
   8  -0.819217211517793357355523872972   0.481699598325315474256390008241
   9  -0.949990280401985164064487324233   0.005103187703453757077112163937
  10   0.935590307671282854924479643178   0.162824599463024396070221956406
  11   0.449676157184962444735012726207   0.836033461512342608301261082420
  12   0.415797628895649134290824351669   0.740061030406453975463440724017
  13  -0.231052930422166811988627007184   0.408136927118397091209997911160
  14  -0.683189732836873699388131876416   0.657481545640366782360982227163
  15  -0.942815230370692270209405555644  -0.096878744957043356701784726572
  16  -0.100148505709298378056141505442  -0.942072419901770975643635638963
  17  -0.940824643789885397313439388628   0.107719458386918733983987372331
  18  -0.316092920914944730283376872225   0.469579825996676696894410504530
  19   0.462684159529590916225430105576  -0.825270587886698340896572066639
  20  -0.602337384096698408015658346169  -0.729010748630971738547479223518
  21  -0.424099923836432841859289242917   0.476459425947526613420396635462
  22  -0.247946786774873977145989990310  -0.785899479972804645000189431292
  23   0.807027250527175294553948804317  -0.244163486085528768288630135557
  24   0.062265375373351550683167582417   0.673200316859481609114356915856
  25   0.178406213113705932038673912646  -0.926285323095606873097563187086
  26  -0.920461133014087436884844336186  -0.203996140083471690649144966699
  27  -0.214100833041096182751724402658   0.516284291469394660785738397179
  28   0.631383046968625130774381357375   0.698717484711746876629485440866
  29   0.809626924356014265537992368311  -0.129658685071198797152162966871
  30   0.538612080538463170386130304152   0.771114547301574840973660386209
  31   0.927880088731953933703181404413  -0.150456653569932857029968796207
  32  -0.745306229208439915827105410282   0.563531831313558912391696744548
  33  -0.295456188902564425278189317280   0.891061345514802187853896132232
  34  -0.912197907833365438518091926065   0.219005647011471340090044922656
  35   0.817364085748631042875248585172   0.162418452180172849931859137731
  36  -0.682086177806720308548579711416  -0.642087835290634999934252961416
  37   0.845053445750803008562032937928   0.402558982721609657315313469643
  38  -0.351340626557296613572787339316  -0.725140792110823073913824974861
  39  -0.145446284841454599894716579143   0.619369597803216281131291875304
  40  -0.716128993052754173274811725756   0.427565562659020574457557113934
  41   0.697948112899280767777968281811  -0.187799679389038695929140810173
  42  -0.309582071211412900740084331607  -0.463260956504966671956919171780
  43  -0.216035229031334794764621692359  -0.905773924583682132160212134951
  44   0.889124574204172094701075285479   0.273560848252277435313235357552
  45  -0.350784156574938584781187933125  -0.860540365260683660802361440180
  46   0.145864147111160716372340490438   0.770116455544891510484691420387
  47   0.852716420317381395301109212851  -0.364222746192320717100052855378
  48   0.139257523352687104483541701013   0.915621650622124795137175591051
  49  -0.573825203188490426730447094029   0.721693828518392540806105012347
  50   0.678522378589991354510143675588  -0.626916986112866092391774805699
  51   0.705981633075658372421208187261  -0.332106420733828817049069083330
  52  -0.481580556999618964546052593142  -0.785322175260602359500842380259
  53  -0.859661797350077079863436400666  -0.327208163439223118142459579973
  54   0.558261463396520435970230378861  -0.729193696765993735399283575644
  55   0.770546505284738778906602190195  -0.496772852364661694822173328651
  56  -0.845670480262028069664383841810   0.349783069279808364828258687394
  57   0.035817116960108158201199311672  -0.912170188579320488804933163246
  58  -0.101337227109112027800914354891  -0.798161036725384597016239386861
  59  -0.032607873597057326927216193653  -0.262538925730627700145238311559
  60   0.499896346315310286805565456128   0.623606903521500858031327606550
  61   0.592171467116203034723885239337  -0.461487441985500890354730043534
  62  -0.153189867723702319489309980594  -0.409814781734725605758197525951
  63   0.299465879709370232398656128063   0.848138417827351993595357487158
  64   0.717772621073819075220839287713   0.294560724849288613299127230514
  65   0.893860684953113658979191788455   0.012089789205988150795270181897
  66  -0.577448679165655071362704323098   0.535591886606792087639449807914
  67  -0.731960138683342713918685826143  -0.472654961880216482189938744963
  68  -0.203114210972380901719189982563  -0.618923073217602477893257901095
  69   0.284872020781182864493711282990   0.626160888541184206035978430079
  70   0.696805088003834477167084049595   0.524407510823299555409616534624
  71   0.506307520946005711202574539386  -0.249179030771438127117892842851
  72  -0.492348133044259408264915461059  -0.565397953220428414422744393829
  73  -0.355026229906289464454250658458   0.669311237268418340720279531079
  74  -0.080894450708133879673714716300   0.835750175828335347973456671757
  75   0.615815985498236425502726514209   0.037994487876434765862719643749
  76   0.430437973027059756534917864347   0.349989186980764727967488910401
  77   0.032581168738394607694218345336   0.406404215986052435590889225309
  78   0.202155555221546337638042406927  -0.022915096786659663653486176732
  79   0.211374274506550973689707683684  -0.567742629656638762463651899373
  80  -0.475791488548141374823833610055  -0.000000000000000000000000000000
