   1   0.381501065011164794127701091612  -0.870181921205025964688308590881
   2   0.287740233581836000544782443220  -0.905157207759055416189239604069
   3  -0.949324191006772957816747209258   0.014778705507941855527088547273
   4   0.410647204218359879746442639498   0.855640396323416184415760519758
   5   0.565312223509515721174854288086  -0.594064216540517605819267087046
   6   0.394212976345514169047414182895   0.754380642135575797987815337281
   7   0.940260276175733605820187691934  -0.120512511825751894017139096235
   8   0.929207285619029764435749914072   0.185585221420910789686890287200
   9  -0.942441425233575219717014813597  -0.094397090285164420208013646452
  10  -0.098917565370104199289256509249  -0.941557946670106195650667685570
  11  -0.938877541383245115534345048775   0.118489754664827749574624550154
  12  -0.596205879542991953003056157052  -0.734332594041282363125941502498
  13  -0.244932574507229684855298106906  -0.786351266748036722924694917598
  14   0.115179735300159719650224046959   0.803488101268481403816564271020
  15   0.917215671182451152794890718955  -0.225526669144819493584663587768
  16   0.183661688744023450178202859881  -0.926021645844382027820554754729
  17  -0.801774348481445963186931324758   0.497476983277066027521336477018
  18   0.805557978860649331263645106632  -0.212667244313229005916403585937
  19   0.473520833444783317210921734340  -0.814975834671284931358490889893
  20   0.611640094264076448299296412900   0.716446985983000681161446213301
  21   0.790130983252750378453131179535  -0.098251481478624815992975226267
  22  -0.676212289247880700742822567715  -0.654254923075012316459252005402
  23  -0.534554933799550723076510229884   0.773625811709204795712638507626
  24  -0.630762614597456214650700660149   0.696612052925974402572426305724
  25   0.504986746090854803207491978092   0.791750198559549465918119243875
  26  -0.915717796256944353275442040677  -0.205565552481701036594112451044
  27   0.692814458681229718060452157647  -0.169589681462574564444100605193
  28  -0.908296951002599258896015991735   0.230894328402730870026225907890
  29   0.813241992129236096823767424502   0.182360302634408776334990247204
  30   0.833818008004106918356278283434   0.424691134559050872759643093602
  31  -0.356387424241463069877461868421  -0.723563705013753028151356442267
  32   0.107200663251079142611098803987   0.928085062111992543191065359777
  33  -0.310980949069888944556909572298  -0.465172989747003962641455673684
  34  -0.512556843504012086599435734059   0.648527022096034486071396446970
  35  -0.215552952708964258018614619130  -0.906504939460230597328217284271
  36   0.077511980266183712301850050021   0.685229979368517850103450170646
  37   0.880878439332637108311097405473   0.298127474128717620414779540960
  38  -0.683396716990907569094708982146   0.450292440219138329605033505223
  39  -0.347949828115882554369979860306  -0.860285648368881575271001321821
  40  -0.712598236037217400836881511804   0.591371428304427378285786777833
  41   0.860272450921786133076322774596  -0.342189781714834756965074209612
  42  -0.479633878480298703797802537818  -0.790566649100809320630838185087
  43   0.691973032171766064963066067765  -0.611543847030064950647374017135
  44   0.572588336374874405253799502160  -0.722929853703013152858968634718
  45   0.710267750063434358359975562788  -0.309762833255875479097692774278
  46  -0.541060455810378527116350984902   0.503249733796859141286833425292
  47  -0.854561094235709108266895043582  -0.335361942961004371307243845550
  48   0.781427116160244578335302820714  -0.478791683094118967440063812061
  49  -0.835933453013892678939647819470   0.360021901882998855513591171529
  50  -0.028893959248853509673756400623  -0.258072571574530441270535994205
  51   0.039743182058332365399900302334  -0.910298867219488695458059797854
  52  -0.099928579543195649023904982143  -0.797289526843066903726107799688
  53   0.481658806919244891476777780833   0.639178008240806532157945282903
  54  -0.152716359720223414766479870193  -0.411332171729673089862007749359
  55   0.602046491687590123359065900773  -0.449635630140337131093062788631
  56   0.259418044004535886375521342465   0.861366401907649041388439303572
  57   0.708172881382611072187623703731   0.313262398129767993771395596107
  58   0.892959966941012792813891350954   0.030824198516997112265257607791
  59  -0.368836621171035434482879058268   0.809973738004189287648734033238
  60  -0.737000633295135793528954490735  -0.492006669708043018367752653212
  61  -0.206915184561499922096509816440  -0.617759647768406200272264336141
  62   0.263980743727322588483156912399   0.638011074141779654837486961449
  63   0.681334611460221258922105622922   0.543485146938971069019355290273
  64   0.507577532077080278823123139469  -0.237234620046943906912111448055
  65  -0.492581365392348609597863608892  -0.567704636804241406576174565967
  66  -0.315742323065878575254019894294   0.554812689332085071825426057829
  67  -0.098801832492920667263129452805   0.833136759685116847212713533328
  68   0.613380378306676103562747717862   0.052715186897986467619419733726
  69   0.418448990114352990810211416314   0.362819065745555464959157393770
  70   0.017617895271999309248631993294   0.409532859260960575255465479831
  71   0.198887810544079453444129878312  -0.014438345130734526573814225866
  72   0.214285846653086220187625584528  -0.561442389453024062996832256730
  73  -0.472959884463108227286740094072  -0.000000000000000000000000000000
