   1   0.904968002662601413624652536426   0.261971153750102368318570713302
   2  -0.492728445066234390766908536474   0.802388042702269149209235576226
   3   0.488175495676160358819786073408   0.804559907020082528296532563840
   4   0.501958319974098844522990404467  -0.795391720673167705670380439622
   5   0.863148335988843530670851719012   0.372203050165359260849886833744
   6   0.381500035573707863566584567770   0.858451166869579425110756656332
   7   0.717637439588516476722347369594  -0.605180193860963673925968152132
   8  -0.265133918391388424474838893392   0.899780449328129070429489381958
   9   0.692583169408190677854228488965   0.631825923127499632991618990778
  10   0.300154764330784279190491821025   0.763507716993188264064917102682
  11  -0.382301405942535790102233015592   0.854603149549481169174035282334
  12  -0.681669304310708496480513185219   0.410292326740849885934547977030
  13   0.462156910479278814964112393713  -0.677318490398213805297266750184
  14   0.114684065711511838036056135435   0.927047528632044982636795258650
  15   0.623618027944019501149474351467  -0.208727459324105972852627036276
  16  -0.703456310756640040599459177968   0.612246873072220868589304811036
  17  -0.288949577890884530929701908870  -0.885822466523896575745289338400
  18   0.415567091744965209862237225521   0.698984073158038265259634087317
  19   0.596146234808108798628168968234  -0.555574007389542575944801335860
  20  -0.783469167836480759250576025684   0.499431513412580481497204227629
  21   0.587015836114894390125226333499   0.718958245847941242335382932082
  22   0.900307397135807188153342655125  -0.221577778531730471308991442149
  23   0.251153244897351331835605075660   0.891435691664722337861554825809
  24  -0.146970311467117175977342248424  -0.913307164516947864778440608835
  25   0.601271038842991200333235330835  -0.701518918537380799809706412328
  26  -0.438786814994559724283947490511   0.677912794420576473673207855664
  27  -0.591904159181775781348260424275   0.706291494753805918476980091399
  28   0.764500300005337883896476990962   0.011313648356396147888877968726
  29   0.109680611247734954534697660906  -0.705676799977279400802127672170
  30   0.761533347785958746747223566507  -0.151296751551927106397507063838
  31  -0.915482023515729212641621555592  -0.026895097729448959189696243476
  32   0.912097519031847141129765365282  -0.063494945244365302236097291117
  33  -0.423850571203184690637330561326  -0.808210206258146034078656965306
  34  -0.899061291831951429199597120455   0.145787046058237437728522594301
  35   0.901833650157679117717813526231   0.113014605957583239151751205258
  36  -0.884169398269313077278066979446  -0.201408049790634466968270683184
  37   0.760946097522037350424781383918   0.489231859039894173171157826298
  38  -0.341984341186496261635861435606   0.532182031934343503281016934754
  39   0.134760254875789096135251087101   0.761954341434575989396104609484
  40  -0.267334539250390971837776517778   0.733496534268642200803824912491
  41  -0.831346417475247575959834055400   0.328839115193764547645889482151
  42  -0.549838846288713410897320108032   0.523344581544520247225329381212
  43   0.038852081736095065136103845577  -0.886319525962853512860324100123
  44  -0.792297397376168343264723220929  -0.390243025905643512409573273245
  45   0.263509284888915388425577855366   0.581793411208329596505890557165
  46   0.561745590546127046107033657857  -0.024638401640282773272006627803
  47  -0.073005334128744547585296832110   0.865176636161961171170568494681
  48   0.304611678197028031517918324228  -0.806192834489014173338198853433
  49   0.520992414663596818084505020956   0.511732255280480787294018139785
  50   0.749380238584238698518252081691  -0.391558570568199919255273597052
  51   0.679612238739104834656450599019   0.241745675424989637572359399227
  52  -0.573364243331699291071690095830  -0.588471626625648548343714439235
  53  -0.048868617905964292281226548422   0.530224103733154694828179879362
  54  -0.177871245597227624731647391604  -0.621490748574821101827261292709
  55   0.263517268397360795980464148126   0.208322795518546284446369649021
  56   0.276017761191609055271986954165  -0.352795449615656445775294509978
  57  -0.393486435184958219887885577688  -0.000000000000000000000000000000
