   1  -0.030747886814464312144266391458   0.151157452060030314974222834011
   2   0.022638781544160801156862353490   0.661063789117745440050452186140
   3   0.367261440603082717392601945939  -0.878636241148537725402210575133
   4   0.556460707706237250530558593125  -0.601176711265653219852997555024
   5   0.117523720000716862927529332770   0.648533412186536860567771934867
   6   0.276311610965955514621825594464  -0.910362445424421127440692348458
   7  -0.410364846127655930809792501734   0.857959136073683099600097437755
   8   0.913710488711591946937591750619  -0.262661043281002885032819662101
   9  -0.950342917271211367759910848358   0.008666067017188201845001736398
  10   0.446268694353981492057041551811   0.838700453131789904832389264981
  11  -0.817564454808095482667700046583   0.483205682151026285167599562394
  12  -0.497025063496310506417978068899   0.808822723622606683886877728009
  13   0.935661317875886559963797947323   0.158339880965877674455337677012
  14  -0.229161946448413849348849741289   0.405696782993155076651580089836
  15  -0.943683416909726462133806562847  -0.092524228564071042928341221855
  16  -0.941404238268832797512012015259   0.110072952819670565302135205278
  17  -0.102565155615880040243446925245  -0.941849527530032486777517658604
  18   0.418123480916572770078392517957   0.739669790386001560717511525992
  19  -0.681671060854642032738333593133   0.656777164169817169589336295986
  20  -0.423631463728000428935657230954   0.474796533575758512237654443199
  21  -0.315859958936308136384196617112   0.466140936091125462784439760406
  22  -0.602906163752195616992348734788  -0.728038815944291160695580797364
  23   0.174111142969882910111163564522  -0.928627329515571603343076099747
  24  -0.244374110120310495409368251813  -0.785712219268064300364470081993
  25   0.456760833360037072771574530532  -0.825966092416379272151820313828
  26   0.808327967665051099236192271868  -0.246767329137065856188544893263
  27  -0.214901238509254904050106375886   0.513328623399666426176486483272
  28   0.808185296414950268952478380887  -0.132427091219530624090504057997
  29   0.633150271408123660575544737905   0.697072538464939464918876949134
  30  -0.742061115664642131871443883962   0.561973303120052593958659620473
  31   0.927786393251996710501243485660  -0.154923055720150228403463607642
  32  -0.918233836409869026595583927819  -0.201332366986831432855566055011
  33  -0.305191380888231582207555589098   0.888483158080250719226980517319
  34   0.534921812629870575519135144108   0.771479681827011870414629935487
  35  -0.911949614359297712276000122490   0.220222217153774934325397883562
  36  -0.682879878030845309116353837293  -0.642316953437600610173600464935
  37   0.818380028182707361881441442182   0.158370125717540898312329992561
  38   0.846705684604408705266117832628   0.399177281158524408128881398087
  39  -0.353687927440184148820522472437  -0.721422430477585720841218356912
  40  -0.715863178470361266187017957966   0.427017123988009395908043754152
  41  -0.144833809909681131532070889093   0.614870595407211353938034561415
  42   0.697856901354162978715199097588  -0.190587382987013685978654330404
  43  -0.217679422824167649694048539995  -0.906342496784052668745924538764
  44  -0.309845861026009773827681574987  -0.463550692255823564300828335536
  45   0.890207049687409979498454175784   0.270185972846712153249469984784
  46  -0.570841537921996376203175391832   0.712537165399376862208824377842
  47   0.852641866302224560288883429601  -0.367180146847572761233973254207
  48  -0.349957059794507654027089936778  -0.858724744330767114246470828989
  49   0.143597650899667907427261202027   0.767825978417047999131437165365
  50   0.129730095677341425791879860417   0.915916738077706808899504044746
  51   0.677693705464592045132424610219  -0.627891312910113622728776548346
  52   0.707163222587644334122023782417  -0.334716060570873470721565821987
  53  -0.482207001576911839772593635895  -0.784969448526520522493317543480
  54  -0.859272421708691434337622906395  -0.328386867002871418756306550991
  55   0.556299643017086031225473088572  -0.730763427468595793806473909299
  56   0.769841673795918206463434021791  -0.497971860422143498719881569595
  57  -0.845303701206251203912574076513   0.350823780776586886285945049723
  58   0.033345634891879169920863027257  -0.912153133216716896470827482196
  59  -0.101039710851305452638796318425  -0.800164615696729634658315628768
  60  -0.033169710917532683888213385874  -0.261979380860775278851626170845
  61   0.502546705454330075079237581198   0.621165170251934166455900062459
  62   0.592223547185433118440755200676  -0.462932441241332131498286531103
  63  -0.153195326327011650850056917842  -0.408499691776112529034607794448
  64   0.296792805330107471208390746119   0.849737970744013591320128734891
  65   0.719049357877988532183131672897   0.291767058891669001513194955198
  66   0.893989792881969151457025850790   0.006951804191218861708437563040
  67  -0.576391867540362164351002697505   0.532508295825557332815350395480
  68  -0.731125207732512820435161204417  -0.473260080108357817047251355035
  69  -0.204216120209036265770080523142  -0.617187952278859396238331767665
  70   0.286422850723768379680729661201   0.623869405987277675147258520026
  71   0.699066547664285590200169161163   0.521539071397691107838049856780
  72   0.506034967234072900275023479462  -0.250928980086855117636980268561
  73  -0.493690292165936614269306953239  -0.565224989008958213793522581117
  74  -0.354539666110093687621067911758   0.667093415610628216157528829610
  75  -0.091018301727885015966013729762   0.834821414763934813448324748777
  76   0.616419312569889256664722327166   0.035678034241499575990883769306
  77   0.432100997487155225951040607043   0.348004443238681025129066344367
  78   0.034187258157757900419796736088   0.401957546715525343443073055651
  79   0.202849082078287997252523674098  -0.023815332079096737227475387706
  80   0.210252704943318902235997526709  -0.568288360709945286820815340295
  81  -0.476871934713761545719415035170  -0.000000000000000000000000000000
