   1   0.867731514896213585211092983535  -0.403832626653153194364081679975
   2   0.010306078372894849040794924859  -0.876604334973574551276839241624
   3   0.712147237861773919409256311316   0.316722251626006526056327548373
   4  -0.024411146640563746385681574339  -0.956086135102485470970700180030
   5   0.386080426275677443409860927291  -0.511359777353139486251299023397
   6  -0.637020178468143891925304251392  -0.712719613393895998328142356416
   7   0.453611162361261346562818126129  -0.568068342858900818136713916248
   8   0.799112093312131645954790113139   0.303541637262626264478474013715
   9  -0.176382718741260411252571581633  -0.348838625468776962573385146129
  10  -0.566139975274389576693340437358  -0.768954484768199547807749585469
  11  -0.265300900444896340673917044567  -0.333481715422420826282524405876
  12   0.296971555808292228308351886313  -0.519708376168309152788139395563
  13  -0.202999970826945578159925498551  -0.261664301452093781400534192022
  14  -0.170167510697880229132308752321   0.555476938484277008113020955390
  15  -0.173497271098961479411054152869   0.937579024074448278595755138846
  16  -0.124637419595948416321170049472   0.055270518321001219641473326494
  17   0.447322627190613882533421683955  -0.665215153981063567789254851758
  18   0.755755883562140347761634157150   0.222405070562761538815420434310
  19   0.649535417187139518485918890858  -0.452679382155317083117664870265
  20   0.221061205156425658571507973851  -0.464806003878455125209678017364
  21   0.886544010648076843556144090667   0.345706784253747928578753474840
  22   0.385648692041633652000193973261   0.765456499429715269033574460138
  23   0.107772064181911545942162820447  -0.242785463686681865250068257019
  24   0.455191696067577687177494606797   0.834571529260429353872698405680
  25   0.030349445257056771042639464949   0.786423729550760507378864282069
  26   0.361964003722420360181148932952  -0.420591891568899339844256432963
  27   0.365877834190250663937090328508  -0.718880732103424297492837822046
  28  -0.257654758598185899739658784723   0.597460276403911761577922365474
  29   0.361339916649603984463473545553  -0.199885615954493896850887424307
  30  -0.874367187172376291746502409386   0.367358659702896183411017715687
  31   0.247378745373512933001105428397   0.260665137610533336403985026381
  32  -0.338200615544671276769483955297  -0.398664718149345147729081294807
  33  -0.418023085122151544043566196393   0.711035400784108419018045276805
  34   0.631067354215723735159852528051   0.513973074184050095457943093056
  35   0.141698416040043064847492432005   0.259240856111523385164650309929
  36  -0.868710337107120904579816888987  -0.374126690868252452523763933790
  37  -0.235400714368592904754879226345  -0.428905067681638344257945554313
  38  -0.360222503893948355735362180303  -0.873550192023730426571209108670
  39   0.362034201249484489548279224824  -0.608042883453126892993939284074
  40  -0.146113069014696767880444719744  -0.176093440254248121284988898336
  41  -0.346168660875626168439657633683  -0.762726085182769957003309131481
  42  -0.270715072062189891940340232025  -0.677614153436617733257371462186
  43   0.413170536073120520984245501697  -0.323438560427319467335069045670
  44   0.650941516685104077824660702494   0.235617347657517825858797037391
  45  -0.098334490560826442781570088985  -0.280597212003914306497647150177
  46   0.720670288136699717925759101520   0.604412526070265916669010809528
  47   0.219783370139798441474684221708  -0.913908221850493904961800786432
  48  -0.698579761520217948911325039193  -0.627952107732424697236674089651
  49  -0.304470096094795273910683940664   0.699364004099396110322636583458
  50   0.099204026630574727832333263219  -0.932734693461235545647703956076
  51  -0.520415323643699471030104653838   0.578865251356874576565629975218
  52  -0.444939671023926391939246850896   0.824130934165375636595590527100
  53  -0.099097031204633549191764154525   0.470986244833143897084124262718
  54   0.020313707975637548685262593208  -0.315874125029688613887155289546
  55  -0.463347702003891440622766106975  -0.810527075879474188507492311097
  56   0.619147828995001849357274084443   0.375698764065494574576662554191
  57  -0.455524636668949437688492899493   0.466011859731887058100418433519
  58  -0.010542182313023375349619637905  -0.186144500510433038377084262048
  59  -0.612671823391852495099613768623   0.484418243769388483453960959021
  60  -0.120746099873387926276745019428  -0.641293867924634480891279308652
  61  -0.232931883084146071912934778495  -0.554829353476733649072947303872
  62   0.323472179705154749007630859438   0.869364351090040153724928688172
  63   0.106445419500499228629663027924  -0.424317753524187165672050992169
  64  -0.383121663052153108552594048067   0.588374918233252967944667408069
  65  -0.082937157735206928558499135249  -0.060164993605941468186564421212
  66   0.489691834909195331199940370104  -0.782107192740016505124156252302
  67  -0.683759510980519622017273926976   0.617609460942719429972736102918
  68   0.505614248453149418598187997901   0.468903845824561665308725138002
  69   0.345825155806090991423733342436  -0.849361277609100949356663476565
  70   0.775205447355013095984318232681  -0.489490593703272560531314632575
  71   0.890297926595628836800323237430   0.211593203283517020407859561476
  72  -0.556996033376221636006876306726   0.723753235703912142460184797894
  73   0.499043756671716053483909740429  -0.442067147320247038759917680187
  74  -0.039369533648956787169497276090   0.908381876243415947032168075882
  75  -0.774523410814761536354390303125   0.471964067524101057481395603256
  76  -0.289187886038900945731769262147   0.855367157924598280903561840476
  77  -0.761681246247750960140036718116  -0.482323997710655424216457651106
  78   0.151009906350437532206098665691   0.886267330034763597505272182421
  79   0.774754499137249436664649181206   0.450109645238253811810120715632
  80   0.248155555277297610022911428252  -0.311762275651993245508090906960
  81  -0.073461167832739895232688336933  -0.466091534924129398295821968289
  82  -0.274559661853576983316210523772   0.432100340023810254635049084784
  83  -0.123762007280404513555013003950   0.715172090230172658360806309097
  84   0.614431096600466198002635628620  -0.622399713867184329457542964166
  85   0.544012854911106588821369070618   0.676969344067259771592868049661
  86  -0.168646367878966907413687222685  -0.844682432339497347973537339891
  87   0.446127216006184650748777579439   0.249728937761217677950452251669
  88  -0.069069593403282288541816410559   0.251563924243647331197503523720
  89  -0.473212650847957504600933674310  -0.575161476976961492843774733083
  90   0.132226119706870524566748573956  -0.682586976204412666691717345024
  91   0.194729605504820848427850751458  -0.000956007061183777028074856404
  92   0.195381935150393550996068664724   0.548135494720008439238117466770
  93   0.696018961708697303393549202690  -0.113843937704759422087377666264
  94  -0.584060773301517420496542991541  -0.000000000000000000000000000000
