   1   0.857162382900530025333893691259   0.428188448954093931699075420199
   2   0.557354782587382358838770880967   0.048342061568249448198007914809
   3   0.218879599851468750924558618167   0.716884665970828168015987379441
   4   0.413543076780344764999873979602   0.580667982840290970984910029984
   5   0.074472462608044846296316034562   0.954378965022810243589843738907
   6  -0.589194769678881162455955708267   0.515417382434324562886231184744
   7   0.127120646028492870055677549881  -0.182798371145977664380975507759
   8  -0.167968798839777302538884975913  -0.941714965190437708207170640412
   9   0.254095729559940970840495013598   0.795268411955796536766871449201
  10   0.235155376065434843140894718295   0.632246078041151685468389077752
  11  -0.627064485005256466911274500545   0.436979670776266618878963129863
  12   0.225043272085909474143600715010   0.017301538728156365595330446442
  13  -0.865554912121666597526083933010   0.404331836157733050448968460528
  14   0.099050095643366998814555892804   0.435214680159948449856516762766
  15  -0.254507114306333082490829595764  -0.920264104778708017907539811479
  16   0.889234742519348580567617120898   0.346991685769132771147611882386
  17  -0.716072509870265826454092938935   0.424410436573218438337699059038
  18   0.938083047908458545428713111017  -0.173406796461399658936187253199
  19   0.671066297553985931677827914252   0.281075628426563011240800283706
  20   0.638991125352945911562311146919   0.082909719844623434633354203213
  21   0.740723324914967167738867538513   0.599778374128354869091254769199
  22  -0.282835887543491144526214261837   0.412868048906618573544927086626
  23   0.563708710489406265983319254859   0.474136337042967578861183808142
  24   0.914747236219368628134595594188  -0.264313830078088202015957523663
  25   0.348694740413689119738525275614   0.197940659003349027581010681559
  26  -0.752809096126987287589975383931   0.581958170374596029289184771418
  27  -0.949966785266857375191055557929  -0.047618406900014231841463840103
  28  -0.783439313210389506461844820774   0.357578549404853250930241049860
  29  -0.948059832848473922824830321151   0.067676003417402486522984869047
  30  -0.681990186430678588316262767998   0.513729631744145353451547656931
  31  -0.074453939468797889054751323167  -0.946826961953670737242321050690
  32   0.606597810416332159165013902370  -0.730330820517086575512015419995
  33  -0.019322739480942962677516878944   0.948789526375993727259842128608
  34   0.139941918848369977376101870986   0.666502586610727820258595629387
  35   0.523384116764663804396178538253  -0.790698122500747914355238514490
  36   0.407904156194970116471105793911   0.278936893840056343838051185675
  37   0.621797910079889799244758657746   0.180609168019646492355518205370
  38   0.320413966967041925222824893193   0.559406929876423369069039790531
  39   0.466216420547797342475890834610   0.500450423774876712062862990785
  40   0.039144426520907612643629777882   0.731916438476645474339847132312
  41   0.139657150000551673169030805777   0.772260417385389840144586452433
  42  -0.933126712738906016520414644470  -0.150213676218063120817687867117
  43   0.300919215139937095900551736890   0.289749325533678034726701389674
  44  -0.346421220666127282891409190918  -0.878301937262410438079460207848
  45  -0.191244090995739551614653947451   0.364531393333604952030707252446
  46  -0.927246068034029712304796934714   0.172239390919114508037457707983
  47   0.567433042939748937685379297873   0.276280007515157872564248556725
  48  -0.110912303053573720864576886196   0.283136293035662400515909908917
  49   0.615806098656898158711173458372   0.381725258074147536764198324028
  50  -0.801157051542544889669889778012   0.485780874724638013524450295057
  51   0.792222324467240182593427935257   0.506352746668372536378478600204
  52   0.867217794827969795280177190534  -0.361578092484818789043451863327
  53  -0.020616112217367854439108220536   0.081736459243670211313839329620
  54   0.671993626796186298542520293894   0.488648648021949119653147924761
  55  -0.019060591361704295950968988562   0.205235336012166523615666209645
  56   0.680528886951499555317226141408  -0.643825891812782146807858192221
  57   0.460635584177680720239420690480   0.814910669991658179467327679943
  58   0.048549519539235956317609771871   0.850149779395907014699937162496
  59   0.460335234592889960351070349042   0.001946575586563264373311821822
  60   0.414570635429865590140102216733  -0.836591202597093607402743013166
  61  -0.073911299525201773872076949348   0.403239429064238918471099899434
  62   0.339686555544130138986924773301   0.867785053970477132821498808667
  63  -0.891852323471955038385152585650  -0.267026866115733935888153943101
  64  -0.882183009939431664459109308664   0.290871350425083394611165484914
  65   0.045573624480697036135401323879  -0.927849481557226839472604306442
  66   0.485132199547716912558555976156   0.376312226635329311988109416389
  67   0.925166313210771412742591707030  -0.054699522318401898043604351554
  68   0.192616120369855967224850039238   0.361179045038744184725299978691
  69   0.046631786320522341232799466508   0.326664498623678020594354289895
  70   0.751113075741236980877746004429   0.374753188656898236929339722004
  71   0.334713770520047213244389611114   0.072294800665795734659867652055
  72   0.195231012715418531505357240755   0.515256230547812139758194547473
  73   0.185755957988517914555482754131   0.899797991285849241848473734371
  74   0.337403946786756825441909620126   0.424429252915199146243640884964
  75  -0.457764595125401239054369007343  -0.792785930998458355983026494845
  76   0.150867288901972034042439978702  -0.317430567765121408203456804951
  77  -0.187659477170043387565272200801   0.509320339943719407133214881159
  78   0.480868438478598141780891595727   0.156458794329383221473601415696
  79   0.352873397290033067256213508842   0.701388972786779181463745559044
  80  -0.473425609889259339781884394558   0.771269357024698504229870757133
  81  -0.624335211265535805980068545045   0.651527297736417555947245681730
  82  -0.800715652790001072998194598795  -0.409922913058350325365001480145
  83   0.088941483574204983104869032032  -0.041124961609711842683115308617
  84  -0.017617534124990663198807041808  -0.222647137402815469437316895985
  85   0.746603562108676339735807489246  -0.482972359596710561410240892471
  86   0.007415274920463065631117424523   0.566129254546316842769966368658
  87   0.162424047055303626944779122888   0.169537449029523882097248744818
  88   0.223602079156653517068384526284  -0.846070383112008562242482938792
  89   0.571523845802193961197201351615   0.654646771833028601996353671193
  90  -0.410912995661642795608275077688   0.546727109623493922592963874319
  91   0.314132570513126298504197550590  -0.151470246728667977702414143435
  92   0.829258215195124152545944945673   0.154091141913902300879298318247
  93  -0.587522898815468188078953190153  -0.574856096414119386850973302655
  94  -0.193728342078550338184590849549   0.788846224906590662443480112890
  95   0.671238359023676262473250025655  -0.173419009377979265364330262768
  96   0.399610588221124476309376021854  -0.527441194695774104703116018051
  97  -0.126683965649763357449016519122  -0.607297424265778259960598038536
  98  -0.488786655954393040225840343833  -0.000000000000000000000000000000
