   1   0.654342271109542774197881367489   0.132584843431588937972237293883
   2  -0.247535618624271928483195865188   0.491612323440093147432351389013
   3   0.293534523069521881550387749366  -0.219512918632683690698978437267
   4   0.761196862248753365142184156050   0.563143435324048971306351931358
   5   0.441896494403620065172894427750   0.624350526246462079145114762468
   6   0.551942475825162058291200075472  -0.239052257126226418787108181083
   7  -0.613350678119860238964847290101   0.719659692355607129168258937100
   8  -0.558810880313039295528878245223  -0.762214593478821864164411233335
   9  -0.117567326273204935522764331494  -0.166977659645373770741026010122
  10  -0.775695328599542393233671845307  -0.538377844189639386070079154842
  11  -0.685669902751146835561678685354  -0.471329557440145944249924581858
  12   0.266694412521850078893271039794  -0.113379491981014952976089587630
  13   0.340663237896411880124811474535  -0.437819508752450164709927768986
  14   0.391300627781525999164114399818  -0.133473838369842488003988934950
  15  -0.557694856347260964851988778918  -0.486647949185089564364574385315
  16   0.689283665177007842904960078139   0.477304998227488740477860617413
  17   0.728177777679619202699105501613   0.365631411569943167966118779057
  18   0.289844148171009102698494301586  -0.332172138560392687847697492332
  19  -0.517758019104329872474633010734   0.783854642924630991233473025718
  20  -0.283696874034736603118953180922  -0.395998911432450286691183503256
  21   0.773548659833706459900562268933  -0.135942283424528507778577930043
  22  -0.505812848133367260775331527343   0.486456641062546977880185730231
  23   0.411776570224502510169291139092  -0.702315972985005240721372617929
  24   0.724574500719179534416627307352   0.242414410769793641613877026592
  25   0.925309425047198775522895022868  -0.136968833373590614559365459483
  26   0.291061509354129981071409422132  -0.746344342188449903710752127496
  27   0.814681073148356923497207008284   0.456572159789335607704648654810
  28  -0.245038778565960918296138586897   0.372397028157258754729052872386
  29   0.522559982143578626320067888429  -0.772041508683886638617441392468
  30  -0.828409746309541628714967161003  -0.425716736323594484235790775858
  31  -0.826336165319638648834278836369   0.427794029563186290366111344341
  32   0.677876747396119222572033535779  -0.227266353003115638536454999160
  33   0.212351929548472545078602688199  -0.448459091850869666670433494132
  34   0.140373190153005786991491533332   0.481276171353978964593371466742
  35   0.395333134202598319458358218584  -0.837956125077165650994376943530
  36  -0.370931985629823719630833451594   0.461252271922095720017162254614
  37  -0.313826754869528454504777326734   0.601187937798642770090750194389
  38   0.253337403798906356882441175718  -0.887596633812543069002685709946
  39  -0.435417030426398581122977268369  -0.812458050366707221614565946109
  40   0.294752661083257191869153290301   0.871978540840382551936166169275
  41  -0.459301125150234521690432609060  -0.655072074361807813176288155972
  42   0.418515049201827018628735669553  -0.271017492440281099398359067424
  43   0.347989074949320196310339825116   0.001529361765059348419627994654
  44   0.861303414091884965526562416809   0.305999398431466118212956594414
  45  -0.160941893059695351215609102123  -0.312172972109979225195938501695
  46  -0.410138870328414329258040713160  -0.492017682509331304349149778312
  47  -0.476890000196873212604371218817   0.637535762920214933224782573161
  48   0.308005581228719734467638647142  -0.584970052904082035702898237511
  49  -0.048428995402119507136446375773  -0.032618211000298174813544863677
  50  -0.119615160968417605397159566646   0.893750121575578276958844945630
  51   0.449309817580899368563905767296   0.778696419923722834063067879533
  52  -0.641776942998709468281516621091  -0.625368636752187391004488391329
  53   0.844798321441449997187813416270  -0.289114983474070626823715541404
  54   0.153543010887742618333147378748   0.009925857105212534235111610108
  55   0.609619454837647231819482786914   0.634726499500741171066027317371
  56   0.096385311999025410660753952409   0.871957416053318930515269818592
  57  -0.679537906109002235966546431871   0.553341391326740752543927337300
  58  -0.329245998245387142379586192822   0.805504176016972082215730011222
  59   0.243879863676208627167022936157   0.661628519783665168689990606727
  60   0.570363918856218996337296059107  -0.043128379165465026969940731443
  61   0.846072733660057571674793691798   0.064644472782651510903797057485
  62   0.081783850394963542786918608589  -0.255013788854990124414247483132
  63  -0.064455295105312175788258309296   0.626203626356358021252412621584
  64  -0.010505491328850569593015977362   0.263718957766921428575761050549
  65   0.604355350204501123750857956098  -0.502233493264371290355056582024
  66   0.424257912672444113305395549315   0.323983117692456365390755059608
  67  -0.073337346231576272698760694548  -0.693208931342543953954148737772
  68  -0.571602839240675944076469515445  -0.000000000000000000000000000000
