   1   0.862379780495346229824004512089   0.375119546882283631706281551892
   2  -0.486362984150379008787615611436   0.804246788046099767641193875162
   3   0.912177981545283398861906865596   0.224080176890606687452963770573
   4   0.698162373559075587356346077850   0.627485208537530415653634508159
   5   0.495969475370029853203949630908   0.796265024324587874333704356859
   6   0.385919957586815676727332432082   0.854348132812697305697699090962
   7  -0.375516966202645935886193585301   0.858264161042852115044150149613
   8   0.299816712126439432899112376310   0.761835189221297822340419658955
   9  -0.254836055923260313785902657401   0.900080408650581456992113625598
  10   0.627620675688009491927354083422  -0.216719317812404433688415047976
  11   0.123065499818959264408129841585   0.925866813468029811342568709991
  12   0.421511995230546281211408613084   0.691342345068078501309761089673
  13  -0.288409210353391690308752226632  -0.886733401548977553087851481559
  14  -0.674108189556458594946673730619   0.418932896232118890617188653452
  15  -0.784047980618869450319268439157   0.501634233787582214823578268062
  16   0.597807535914663438248650948317   0.712287656900666861093726543907
  17  -0.698362859827751298836471080379   0.612628430835206887138671661588
  18   0.256749128169554862346277849383   0.891815044752913182413573221199
  19   0.896246161392998010535071596729  -0.236971724814471231587830333242
  20  -0.145565469327617289414510004979  -0.914483671502390436288147233983
  21   0.107228599203667747017904422397  -0.701032006950178712519859061071
  22  -0.433320122350918470448266932350   0.678663759463938339876143998283
  23  -0.585421029832502888659599688457   0.708875594854648656097025511875
  24   0.773618939047414022878312051576   0.007121658136474251653281015567
  25   0.916283417322392066459172699534   0.083520053589127158025860827528
  26   0.669455491357450247350514674553  -0.629179748983112999804610454248
  27   0.762324637653293392959841519312  -0.154159263884204617033656626804
  28   0.912206199309829263512842075708  -0.080588259268400168687552227007
  29  -0.913450157635849676374651760729  -0.034860728811302450183639883611
  30  -0.422470863718041370303966436799  -0.808758976845205011665445945934
  31  -0.899360064965324512964559435787   0.142193352077590113465499256107
  32   0.765064296792919821316583041033   0.490369027334434798420575036439
  33  -0.881668608829204606291129935054  -0.211298351714420376017610332044
  34   0.140550009808539724073171018313   0.756109489952098457873408856994
  35  -0.336268009270472624555227737858   0.534150693460368896619244782972
  36   0.520568168190883946834433725118  -0.733343397210425408151374255114
  37  -0.262226823296947122180014613137   0.732530049233112470205279432952
  38  -0.540287155811617183099825073409   0.530966234051335621167725418153
  39  -0.827794971699661550864616858363   0.328430294825095467277453082870
  40  -0.792859774473041449718428144937  -0.397587582587504011852284163862
  41   0.042655755824068257520393212942  -0.881957242301766849914206313899
  42   0.270654746793919335135716422703   0.578891411417558140329917642017
  43   0.571852698810718733932586376002  -0.033400093714712449543335854947
  44  -0.062887214157777100220128701528   0.857941557351272435540572752279
  45   0.294129334448968991782992694702  -0.809360842757093988466644605653
  46   0.528505342735682078881209202953   0.507554894258616034561068738702
  47   0.742113769557295254156857659664  -0.404594759209983629878819791409
  48   0.686295168942092744958427435020   0.235029566118387323112731847782
  49  -0.572541654936759796282270141740  -0.588834741376262198734230662883
  50  -0.042664766322757966093108305042   0.529668429631067621521483209412
  51  -0.176455661937109280474305174162  -0.623113142754905412706962618452
  52   0.269222791363762536233584726544   0.204767122961238704411103967597
  53   0.280240300366403426701912894163  -0.357368856850199677194675790123
  54  -0.390166360073893341129355544423  -0.000000000000000000000000000000
