   1   0.911462889413068946011001760230  -0.281411135014011012997891488384
   2  -0.030918813950053575258447022505   0.138208957650442181923231980244
   3   0.543873795522018227783108714020  -0.613811866588065361500952554776
   4   0.352710946298891773024336571244  -0.885396985950684190449060078731
   5   0.484511322873328435161908450467   0.820387542706297678803854924056
   6   0.262793049780073216484227452561  -0.915509431750700242466626696980
   7   0.091886992988758557456528335877   0.835502371151993210500848977037
   8   0.445927094394570422790615747208   0.733188638085309735194060632276
   9  -0.425450088586700864459967474107   0.851142205625580323029705349318
  10  -0.510630885274603313510787402986   0.802554914317846698754705860635
  11  -0.825929366325767736704161282385   0.471226348527539407511431175997
  12  -0.950532480355198747059521027407   0.008020057933990107456319157552
  13  -0.697897274388222689378774739937   0.644876298712713884766698832980
  14   0.106385343427043555998970000689   0.638402837479645543931274179415
  15   0.660891779136019699330783717066   0.681767366625176777101672220373
  16  -0.231153451115364645563551304353   0.403229834870060034943234816918
  17  -0.441532323798941036805292385177   0.472196678957890950649815012655
  18  -0.943849985500889977682681786455  -0.092792072382974366088834053630
  19  -0.117596064668966287812933189856  -0.940681558895181440347341348883
  20  -0.941274039558773055860716240511   0.109419451048175971783924183080
  21   0.074033882980776692191015402436   0.736461550433539495211976586715
  22   0.065347207094364467690129246150   0.944529618373820328394577894894
  23   0.932367335562487862490657346255   0.162137119930703825027348226235
  24  -0.609106695910655592687636353335  -0.723711078964307003932076761516
  25  -0.255509107988957960280182467345  -0.783651118572369225571612309404
  26   0.002292920473729846747091615080   0.653006884177287485156728571435
  27   0.441775700212717435295933449685  -0.834852540816563345245190604801
  28  -0.232971392012834139733283981501   0.510003881213000487206098398667
  29   0.159837143527391001995811563652  -0.929922891984707156877162534418
  30  -0.325649887905738553360640741984   0.885038496531877325087035595703
  31  -0.333475242820575477538462725775   0.457419806325091010050550185736
  32  -0.916639573875644558006925603865   0.217039336108177966015824580652
  33  -0.757769943762814401732884029927   0.554575169095810884386107822118
  34  -0.919190327918402540132160759877  -0.200753740314888955998331511819
  35   0.792463770739671304826828640395  -0.126798540599385627823678601750
  36  -0.687590187564826862257144061389  -0.640457328962672897616187031012
  37   0.808785808619164695740503640077  -0.251001257279536788590094737864
  38   0.184578270658297507408820949197   0.776732624494292668040657262026
  39   0.816577347445155314762677092330   0.156781104985610288573571177506
  40  -0.726490398032848097663703664179   0.417362038665399837243184545232
  41   0.565872676733325790271724421554   0.745035024510730719070129162612
  42  -0.364156319318231373291091210208  -0.717683373775829590046998573839
  43   0.843887687055730309461017058276   0.402190648389611262004739883428
  44   0.691622370264924304772920147628  -0.201935109866102085341961589318
  45  -0.230657831808094518337611323090  -0.904251342497498902879171463221
  46  -0.315908806467649379020548161756  -0.462757044925050988663031395015
  47   0.889493026092876444021359755832   0.276521997679168914555105558217
  48   0.915644283955939194817541607751  -0.165967588565903461337928574975
  49  -0.149537368724697598525787563616   0.604870843969089995007156184810
  50   0.185066189109255901846057181166   0.909979704681623944713058887727
  51  -0.360871633575529724777645485446  -0.854487902805469170999191931275
  52   0.844674971350987326928634683896  -0.380634333790244660834497094082
  53  -0.591360820131970661378588002843   0.709181569452017001232283275189
  54   0.664094892575009204397741156465  -0.642662978019078388223541540480
  55  -0.490907969476958055133324702627  -0.780631426294692102547026437811
  56   0.696191425429443671868689999413  -0.348342774429710919686867627316
  57  -0.860268924134125189282626129697  -0.326604878603103836671581613010
  58   0.542110298133530874348105464383  -0.741725273850392337891906053043
  59  -0.851129434885173959949131063935   0.341724983770397258950110974513
  60   0.758334296845464970276011814543  -0.512952266844772460271251536450
  61   0.018118721926733817981044332002  -0.913606151547345922645126545908
  62  -0.113824573885619961147193791253  -0.799740355144451140093915136135
  63   0.500128294572487746297371257176   0.606082212185163948485613128871
  64  -0.038074510407240841112074747337  -0.265510528118676804381909147931
  65   0.581738922598788912569119322801  -0.477903080658204793408522974952
  66  -0.160085228245793584327953897003  -0.409934550264140823752853464422
  67   0.338412214751335572193126888939   0.834436650827758731148636226193
  68   0.719032701030781888776247379078   0.289502384408091141389455740579
  69   0.893688115893166467589005274508   0.007676022722495739631147368710
  70  -0.592691888743914602464162516041   0.525469408565316323177513084371
  71  -0.736473453233129584331652069643  -0.474279741498706232197373614884
  72  -0.212833916788546938561901521072  -0.617371344905462687638328077712
  73   0.692626595708401250829907707446   0.512306075049309983326053703793
  74   0.282253488404005273263354912437   0.614597892429413473583878744566
  75   0.501520068753125225400572737718  -0.264413556638703041281676494846
  76  -0.498749965545931666905733967272  -0.562795504556240593570705357158
  77  -0.372462241371320599223872743238   0.660597026734614024673645262281
  78  -0.115560086585757658111085082341   0.832378938771461131325365987717
  79   0.616181552502010704994122080751   0.025236355435079138825139643582
  80   0.431403056153897300162560930628   0.335747569274704332225914504110
  81   0.030449895015793144182699990372   0.388332795084833293282090871247
  82   0.203884076893379494503082257395  -0.032350151851399391592498342735
  83   0.200782584146768452433857916878  -0.574846617657128518817356653486
  84  -0.478805368662428404708552763083  -0.000000000000000000000000000000
