   1   0.567276714113417375500779133486  -0.590623892323953690711356225725
   2   0.381174254539890381870065105590  -0.870390156157956693460489519643
   3  -0.949738573458393219062684661187  -0.014011296324736834031826535195
   4   0.422563668937606372494794361436   0.850287490769447880284804125567
   5   0.286588711065351677749393226328  -0.904839209014623714602184427523
   6   0.392208447393531243582711061301   0.753157131503656165389088918328
   7  -0.815660261177824136489583811044   0.483897163747711785518527128591
   8  -0.247131045999143390039652906463   0.420332403677657519144456951119
   9  -0.661310634852626000444538357584   0.678715717249916732232411722135
  10   0.928971160451790092806655294349   0.185037363985268883259749063146
  11  -0.940836213128486662211810335603   0.106104272337173173732384147284
  12   0.917753731288114235385391126067  -0.231041794310199708558108077369
  13  -0.938611395540185775539246810471  -0.117668998324417559183787658305
  14   0.937255229221571052272366183045  -0.124721815143433070204745289329
  15  -0.102564548387821934418809899978  -0.939483049047333264945737055902
  16  -0.241048627451946649334264978570  -0.779478833144856532472022314331
  17  -0.598764386305166983460879160747  -0.729969243785485268734852072160
  18   0.125244993488419723841260009109   0.802594855048656898257186951206
  19   0.472928539918268871808663903487  -0.815993863538987060028568893915
  20   0.180287552539898926294431747179  -0.925220709376874968972458100462
  21   0.610114087702378530853121369830   0.717797479564114144187554105645
  22   0.789012299139752243231181226277  -0.097873788403437767858889809751
  23   0.806407051037294316035055166781  -0.214044771295891683864577965542
  24   0.513310976122844230147725963653   0.787966205679660304276591275429
  25  -0.680809394346209484045346258890  -0.647891719188150792061472195155
  26   0.693589993095670517583879610460  -0.169480304485161820051795778480
  27  -0.215946164786629633506177059156  -0.913271583431278722489209173777
  28   0.813030574227176913327812786350   0.184793124699061502079709226749
  29  -0.911484303009020358419687303075   0.218268415028065483644816894519
  30   0.833521544917273388268837778235   0.426863966679777671669481635601
  31   0.123142636573726763327329210378   0.927704377126111610170855400390
  32  -0.905869886640609402960724718503  -0.232006800786809268266849873475
  33  -0.346909058023316532313292185862  -0.720753523506941098035892840223
  34  -0.306272943667725374745404106951  -0.462664368351684609561892389828
  35  -0.706977489097295725780846024751   0.434244450207337165189401119111
  36  -0.860708759248048621637435411579  -0.357136657336076377010347558923
  37  -0.293183020156004521157781822911   0.883600920517843338638684145643
  38   0.881005788075126282763519270843   0.298012152771859357154348408332
  39   0.075416035608988283140074315861   0.685471233271336464440680524412
  40  -0.422074151626684327608001952478   0.826543139642442135969301642963
  41  -0.728440694817945694720698681834   0.572850466272798974101576248159
  42  -0.342113473251712109752248519717  -0.860405133360944676651460007537
  43   0.689234315018467143496246349721  -0.616578574508178924508049116467
  44   0.856429849210103766447453850026  -0.345711215945172947435857476680
  45   0.706997136979289682124855352742  -0.307889105766033618344742373824
  46  -0.476932633520832142293447903499  -0.787872775665034192327212547026
  47   0.571491870849917170482844831101  -0.720438044211321300039484021729
  48  -0.533818788666172423724695106591   0.720839123452891999530808889267
  49   0.777772454439991182277641617060  -0.484902157708837833129271918630
  50  -0.845132964149405241945994170829   0.350404883885103379358419064768
  51   0.036620674876367201408446727223  -0.912405708204915793936391787797
  52  -0.029403881311013933841067632120  -0.258981739954923739685428591999
  53  -0.095642338572653540743282899284  -0.793907869830180629581435932059
  54   0.480331754876328782651867535799   0.639132945750380398589277146894
  55  -0.146145563972093156690405435289  -0.404728649147193869042125742979
  56   0.600631460515758130191984109769  -0.447367703710153491097691010373
  57   0.271919427266494021047664320274   0.857627812984308680537207509230
  58   0.708691775295489935252018022438   0.315111523792731391893779503656
  59   0.893116423979068471922713523654   0.029967839818849277584477621194
  60  -0.550728603531519911105161660484   0.529824289013021427148969829388
  61  -0.726781823568170602400268575943  -0.480174119845382337708424569730
  62  -0.197407999080643313289414492004  -0.611642193092675845813826953359
  63   0.264676108437420004681040307734   0.634610360760311197609763725230
  64   0.680405950768576249914275496978   0.544891304068493842583048408608
  65   0.507821858819477761685664064710  -0.234539326153571673272199149755
  66  -0.486495548885048016835136735601  -0.567220864783852772626020753007
  67  -0.076942528888196146869603917372   0.846063184084719548796218581684
  68  -0.298056988599883501479048387421   0.626968365282821864697303012574
  69   0.614122218234060513078638380747   0.054835677836632523778112537197
  70   0.418977340568983903996653677008   0.362128011832378825786069025897
  71   0.017320111666240404057805135925   0.407801225077027726546248812868
  72   0.197836278647971720075254585499  -0.013600546337541748279436430217
  73   0.218279705372715474578409069914  -0.559785097829622802898291447567
  74  -0.473706105135833542347669324135  -0.000000000000000000000000000000
