   1   0.241127173914439995715455831470   0.243689205900926666865517609937
   2   0.899447991720880630316813315579  -0.321736403761970315667153303364
   3  -0.033362124117384704200476381855   0.623166091359543976998637462517
   4   0.949198341290722507416744347860   0.102740304002296475429014965924
   5   0.278618787871346167825879689317   0.767654924416935495847085030462
   6   0.267910114943037203670060318814   0.448272876417306707422972151751
   7   0.635353525820330114869608802041   0.711555827110020181231088587457
   8  -0.831713081879501514278436232511   0.466588601901419986455405176932
   9   0.327182304282963166978481114217  -0.895466017426680633897643743048
  10   0.371064397602748146222276594978   0.768181528208373006351912768549
  11   0.237377700813997157930277120318  -0.922735777287806130772628287563
  12  -0.032176107280484751320362397580   0.123283545361796126698919414905
  13   0.526718568120554291738062942238  -0.630029343387471469074150532959
  14  -0.951845170707304892309279284027   0.004728866465355444417097866758
  15  -0.314805971690264181564856629261   0.897953179492821240602343723812
  16   0.700941048008427955486926926742   0.643026741962246491697975446135
  17  -0.235920587555738004407391592058   0.509610790864894821453992678542
  18  -0.946006488749738459551162407764  -0.092701742283097937976098720749
  19   0.453016217526776765299381297916   0.716788255325631184738874753076
  20  -0.440714221371372133788825061761   0.468103782512399111110877820231
  21  -0.500253902572808209956172627357   0.806913196285418245157353931969
  22  -0.943453111486893756549667236638   0.103412062518140109660250931347
  23  -0.623552837381099909404625849439  -0.715025536373107934142428808918
  24  -0.695258028292325732852367955170   0.644911807919228499162904388379
  25  -0.142184676643848664412243726690  -0.937218406166485293116096858433
  26   0.147557282230483636743969948286   0.605557789710022343965243158687
  27   0.554148493920649008607445290594   0.768088921594381419749094572524
  28  -0.281277035846508113615457746451  -0.775565974658329573397407076161
  29  -0.407160300713489277190174223333   0.854185929954907195880169099718
  30  -0.239027620424032934993891521922   0.406351909153067152545284275359
  31  -0.336675862264617126956962950780   0.455227236872040990262451487757
  32   0.417095342010700832793905931365  -0.847849915426146497330253089823
  33   0.093810810723966753017697551864   0.801980190319696808567956929450
  34   0.357604987663525814319049681072   0.873552638038167276142890076395
  35   0.134158409758834580665362915058  -0.933819638583330197562733641293
  36   0.459154651477006906553174720061   0.823535493487827486538531842950
  37  -0.921531976016509347933090913706  -0.196980907492620601585116485486
  38  -0.696863311022573819385552180971  -0.633533517836749849768891947463
  39   0.820866807989511546519730363753   0.109740923551072125262154958349
  40   0.073167450637716708008693248974   0.937786885351188665600685808141
  41   0.788449180421592405607603805117  -0.163709136222696624710003579810
  42  -0.915352440915492696572610619580   0.211287140098239667525410923171
  43   0.181347610141798645384667807917   0.723627357565986631862115512226
  44   0.798970039936991483965207656829  -0.285899511089708208380737181265
  45  -0.377995503395273763773061790635  -0.709282361279655131085741073293
  46  -0.759157213229736184292129303612   0.548761250478125839077176090484
  47   0.872522698683536534830875205749   0.338810909734136050450865373034
  48   0.684093700818777460990990216239  -0.232007754772361684880503589119
  49  -0.727734466321690220951851509612   0.418918771685351522066098502858
  50   0.059226579113072362679750620793   0.685035331282132132340211480143
  51  -0.330123019103602995864822290940  -0.462337858677982028052907734964
  52   0.908120439958121181751856947737  -0.209245259456153753644067428001
  53  -0.255712839605783259792831038646  -0.895195332635219529259759469247
  54   0.903451580191675038396512745828   0.208476237056170033233800528519
  55   0.831160721485440720622735266895  -0.415114006938715412297388310286
  56  -0.386882095995840552136250236215  -0.843532232920974800901259396977
  57  -0.512899268777731640033755429432  -0.771727208991429016171256699742
  58   0.643494983734215077642369147337  -0.665606438568177772806642882300
  59  -0.151745620343639869554766809228   0.601347228427091875896713744892
  60  -0.586515626865994159606425899794   0.713111394543185391131031448580
  61  -0.864720729371593395588002578239  -0.320092011159492208458367071835
  62   0.686062886177601220769893493410  -0.376071829011987032244702535785
  63   0.519400468905869520628498936853  -0.758422021181867965625981766573
  64  -0.852530937786429872168331954722   0.339625446498663570891990200423
  65   0.739828669344473870737867094857  -0.540202604518951370293414523384
  66  -0.006586468715813914452962282649  -0.913086352053813204807200532551
  67  -0.134321070067019863430534629497  -0.796105837810785092662415855598
  68   0.212519803961631775007665781305   0.885370395360711035783932727895
  69   0.564001856054884629477464305283  -0.495691198707765634062761326830
  70  -0.043408142312678408665433823589  -0.265766879669116999315567132113
  71  -0.168402461990956051499915587104  -0.409329924135058347927685784953
  72   0.738386649455172081759296006264   0.244145597224893885509973966925
  73   0.543849014945054739399499596286   0.595410423238323576613644308157
  74   0.893752342404807153989003776992  -0.036832894685810215570334748962
  75  -0.589288640178976298411181771187   0.524172973524066329576573035715
  76  -0.749946607295087248110909616441  -0.471642107818274841185924672355
  77  -0.226537006008000890622342503981  -0.613938315825345183341790466046
  78   0.321174875451223372975123720891   0.606498606073276539283472160300
  79   0.735388374419611372535161444608   0.471109778012124936533205586663
  80   0.493262575178224082344135011663  -0.282829947160261837917644827969
  81  -0.513411444363263478684759167003  -0.558766588410403073947162414246
  82  -0.368803098767038584421769498988   0.655734594395384111023279592713
  83  -0.118150104324426698902026613599   0.833030688994764343186732862657
  84   0.619329154075381271823760641620  -0.004960213584531574938806147530
  85   0.461291921702477522659938517888   0.317426319202023564205432000394
  86   0.023096500968200446825746196600   0.374651083101305487566629869650
  87   0.206586454974096930530745164896  -0.041026422467037385177257791735
  88   0.185431107755661497879315370797  -0.582339421037978033723316622380
  89  -0.482841154214528470940328454750  -0.000000000000000000000000000000
