   1   0.703299228962075583262043575637   0.622401845058165519633254306566
   2   0.914260433596359430889103651158   0.212205323368234045668766960449
   3   0.302565600940186690718769118910   0.760595005585255370935728828850
   4   0.627089499192905743888736917432  -0.209542849278702471740825433895
   5   0.503086150218524423727164703400   0.790102480726699725103310844018
   6   0.390967657236859737042241430118   0.850439264609882510736040443545
   7   0.422149631344782654616917383699   0.690419415600861513291264501266
   8  -0.672083190505351056896287877064   0.417927347401605479480137185215
   9  -0.284002432637244694995133559721  -0.889456618294727827354429998874
  10  -0.283294442780188952710496998160   0.889035480255959412400318774680
  11   0.605752823021609411097591409371   0.708695481098670795266391754653
  12  -0.431751837436535888713021233157   0.671010703747309169703777076766
  13   0.902914235475855935457600417246  -0.225426614805157674891356725104
  14  -0.692239368496245164885382345421   0.620670485049720752019469333919
  15  -0.777637352263959958765288979132   0.507937435609120508459625638938
  16   0.110457113402944497181355848645   0.921273934701467927104996321827
  17   0.110125041846901809771592540673  -0.700863310603232484201753320373
  18  -0.133691131235527479630557256771  -0.916136483305165708003463926544
  19   0.254275632255123563010662016653   0.889111724727942128909283933017
  20   0.920612707613182043876075174342   0.074541858852484550292262126388
  21   0.919019341236577708449132466247  -0.079382867361907412675331301327
  22  -0.422597097714948578380000191632   0.818438945406053050642311115004
  23   0.777847397575538180173420587430   0.010487375507601844936610653635
  24  -0.574658208600225884502342016124   0.716562991954018821750733886480
  25   0.769333526463636079495639045220  -0.152305893014856479732305322335
  26  -0.915096602364002944992929448320  -0.027153909965813903609459235932
  27   0.673153370573843132815902215883  -0.618207898786785134803440214375
  28  -0.417881708610976221636705458971  -0.810911063894148236299113688756
  29  -0.898565869258206418344048263074   0.146204592963774752927853094276
  30   0.768420958207993840139874185363   0.484695109012836742401817423557
  31  -0.883476746974539034888065396085  -0.202499635103562928902771623512
  32   0.144376570174661431386309138209   0.756606395242676976422584924643
  33  -0.336676896841426203417655365023   0.534173908719619760585899978919
  34  -0.270295120408136209067267245866   0.721519038722862292403015477353
  35   0.520317494652424307311567371150  -0.730164893187241746349244521600
  36  -0.541129379819830968957785710604   0.529150875292643619168718089840
  37  -0.825483799100954153639041671540   0.333524203488466857908449652966
  38   0.051186655313883390951463684837  -0.885239824077659955228187964677
  39  -0.790778457199033859010648211958  -0.392017465395130540285528477484
  40   0.271839617612504084203477108818   0.579451680056036571082733322688
  41   0.571826591047271525012868827520  -0.028454858598985313663672436491
  42  -0.085615458841762324276784087781   0.863481588179274205811763851124
  43   0.291814424588333801194192027766  -0.810315631944300887437851767100
  44   0.530212541886972262130761026505   0.508530744292594051729210055103
  45   0.749729931479533368355610441560  -0.389528012130002372090848804339
  46   0.688664118575648567704326744104   0.239676353103328566648731454214
  47  -0.569442511526459486179094724424  -0.591260771668583995333727319717
  48  -0.042377379260235441756917039333   0.531245646920444259009206753950
  49  -0.172405439398013309566629633431  -0.625171804353502963489486996170
  50   0.271013487541602487141931381987   0.204463458433707582438975382596
  51   0.285387999646443060329430884443  -0.358892701527218930264236406878
  52  -0.390135426451832680200608978117  -0.000000000000000000000000000000
