   1  -0.744292431546128655889504204897  -0.155327945742037565555137437330
   2   0.219187864809788007280188694654   0.651070871218622673944125411264
   3  -0.230380719028703146999958423904  -0.675494251384163781882281311280
   4  -0.366912143839565627529332939126  -0.799533229881632161709678577369
   5  -0.663007545760229956492922421189  -0.601761184231380308842642914108
   6  -0.862747607314017787906170725115  -0.415781584919965542288509659287
   7  -0.430079194820255186012936722708  -0.855458921040546210681683231776
   8  -0.583324734260661055460768866946  -0.758995286017985034216211238700
   9   0.364210524081972236481167333996   0.885013448114123829741189229771
  10  -0.402205720565150643873207868041   0.786917158324358028833199554604
  11  -0.047815618456842010540792019345  -0.717238018405942450476723847534
  12   0.408055809125368029716013549381  -0.769123008140149204261656538559
  13   0.422650525831063499332920694272   0.820679163566429392136713863071
  14   0.645398247951763817415554315359  -0.704988042027682232550376846341
  15   0.289587197825187703211776441705  -0.910613957098378990248817278762
  16  -0.777080296634258985686472509561  -0.400612208649437536310461339188
  17   0.472646406112800237194310453108  -0.829867242859123445268157928655
  18   0.510727778173340559825653181444   0.806669409762161525239329335592
  19   0.584860671773714265444512379559   0.754301843182659902254617772711
  20   0.662955525261755059852510938719   0.450886344225812968833727697096
  21  -0.313572577003954155070984872532   0.797766288666058713841773191024
  22   0.818698859930894288851382685758  -0.248877642861498512904268288973
  23   0.452863888330046040683044810525   0.735252535688895274979458505615
  24   0.722321365038211014331239187095   0.621699566639655133449298760496
  25   0.572709334765018303927958335253   0.284805944391681657441093433650
  26   0.081431106970653017019540055277  -0.948915760965260777294150158676
  27  -0.506042026325214466676316672709  -0.806392679038068340761316230714
  28   0.358575344217826585661572517373   0.752136600933382880697204592206
  29  -0.140158710038089797738246588919  -0.726326711831929805474210740538
  30  -0.373784232325460407039751494652   0.874551991377508572667842771953
  31   0.654294143904608049468770321603   0.689777383244821020309283347338
  32  -0.232762727527095687334404563791  -0.921395812545360124092513097435
  33  -0.752444382431581589478073965569  -0.579960328931590043823697551991
  34  -0.649134539909676205482556043861  -0.693141310601672808739317377626
  35   0.532707528169313783489795584740   0.673395822641041040261891197987
  36  -0.336231977887165141210978043233  -0.887304279173539870970874546114
  37   0.098883676600035815990063049891  -0.850973833213025794047965337881
  38  -0.939282628847926644124576800114   0.128769435762253994178028783650
  39   0.761097665828471025292260293091  -0.329830374796086613720105430095
  40  -0.808147799157641137572313823980  -0.493605192999884020389683461962
  41   0.922628643647158225128350829941   0.212508209307805665977622161022
  42   0.828281142487264333373299131499  -0.149298743620727303549692065821
  43  -0.574569161952300076451679073489  -0.389597953576415233699434598837
  44  -0.522810826268213971807908301024   0.419647104693834252982131146471
  45  -0.726287772945836536578377081921   0.604463590225319778429921570432
  46   0.377948205933476015907279847209  -0.863728859803067297925706644179
  47  -0.617188847123236574160108275460   0.361793278696200869199774449714
  48   0.918813994428920281448492937149  -0.213504717946286820537674372793
  49   0.010725116931018553754375451321   0.942772987310465443011794404505
  50   0.551473908168994935128414900389  -0.764048555371549661457605830793
  51  -0.934248934342651063809327182192  -0.117755821581292791925191282416
  52   0.408810893581339459590265697187  -0.666548102034630808512850923948
  53  -0.504691757470820014101665618302   0.793621668345806128511482726148
  54   0.185565060982448150507375565899  -0.921344304814382207347353054768
  55   0.652626426564260338714302220461  -0.361939206372611906271464114156
  56   0.874318907927970333945393455110  -0.341246519222683791636107781970
  57   0.665391004670393927080801346187   0.342973537037000077170748740122
  58   0.054764601897159682645972608217  -0.745441260927280839453075654073
  59   0.931670561727845729732860774968  -0.093963061676834288251532577795
  60  -0.709968975397852898917968245056   0.271522045784725945780846815791
  61   0.095429783150500077767431550545  -0.624037803901794965193397817437
  62  -0.261031305754753152990890617545   0.896778131170355519777347792151
  63  -0.028585234983451610047051922293   0.808171652461476826937494819645
  64  -0.932189265905918144257330394557   0.009283552793678791690664631904
  65   0.627445145985758601976839355112  -0.488940995006617100309657256073
  66  -0.679098083269275751964227648054  -0.321689370499477466368316536627
  67   0.704261895783418401530168527593  -0.606301206367798162666750778210
  68  -0.600026813268636037714500351869   0.519659776965272651785296000642
  69  -0.811750573563945607541378087595  -0.063322328206130619240690543280
  70   0.763636397419958568073090874972  -0.038945639366131281686600859864
  71  -0.120097744096746193228530568253   0.916911964211594151497953562933
  72   0.771043366033164313421605738769   0.508198179614780529461123611317
  73  -0.247298478175703189707740276537  -0.793826654209615095896672912554
  74  -0.677412820734347077429964627466  -0.474641112066888606290605356214
  75   0.607455244760299565354525784478   0.565111963394845265198147047348
  76  -0.804353018761222422778049702698   0.091807016035310550036441852935
  77   0.538056131233207119433593027350   0.415051137426596734888139073474
  78   0.546122959115453630836354039003  -0.620480651329432119241692513173
  79   0.782670268505811653878201334513  -0.468390321777963341063946838588
  80  -0.603303186581821961299096570018   0.681330954419021743043111328628
  81  -0.180375736010742517872142412170   0.760713345675905061830004213732
  82  -0.868231480163286856650855583739   0.256881767001085110038620442351
  83   0.900590221873469029402935877933   0.063762381206940271647009745587
  84   0.551132149619658612963169290348  -0.031349018703537795781804517414
  85   0.830526484317525546657302383475   0.338743440861896144092761926864
  86   0.675235740840685696481729607993  -0.196271584202001479374300993481
  87  -0.849810050875091319788671270089  -0.263877314860359887297045172592
  88  -0.768430775944472419380635523487   0.440384929620225637179192484419
  89  -0.069437625906800680031964718180  -0.878268773544098988558815528559
  90   0.241902806367918474372875986993  -0.744454849411822039584633222325
  91   0.690603377927437674133451948683   0.151940216279891428871174654722
  92   0.377247853414879751131679803371   0.567430810703377923283797512641
  93   0.182368998969183888740778604016   0.834573848812793820231175396473
  94  -0.102246763586011816022348551799  -0.525289137543980038779859309580
  95  -0.366445711564028379228459056723   0.578474479259705996327362886841
  96  -0.437253220989494583088580954738  -0.584557125275182304086009542771
  97   0.004983080552624950374495004169   0.527035035795086529649292410416
  98   0.301479254183550532573135507136   0.196435528944779244747842199267
  99   0.301575185156979393390604209739  -0.333011766084351631733566239526
 100  -0.318313148532283298497029189790  -0.000000000000000000000000000000
