   1   0.701456570998524900385079560550   0.193328444119453646263428662558
   2   0.946125341578366876379717117861  -0.007466525945391178242338314211
   3   0.523436401224150153242888840564   0.546529792843662608738630105160
   4   0.749148462004241633374042323220  -0.576481826004532429586138515408
   5   0.726566039952775169257893275297  -0.039570850904467810943642540735
   6   0.541762563471644215193116243494  -0.773539757314608213329070714176
   7   0.836899843682124452976495442256  -0.025449991983928084347202363209
   8   0.766256744666315907481808671634   0.550387411230415425655697992428
   9   0.885693903149707140816473102574   0.323503960072129505431688948429
  10   0.738647844497182953043490357044  -0.386136311046532131127394948516
  11   0.934396825955322926183901770186  -0.118779418509450365092872997565
  12  -0.168781243320158254905729429263  -0.789292249008910944005129062361
  13   0.809374236116814777081153098593  -0.479599639301979692233169482212
  14   0.818465545905768904179522123698  -0.139789764344502545047714582405
  15   0.699003746540600710554848549285  -0.151705213389883727878499575043
  16  -0.361033344355187624079542326253  -0.866907297293392864742214510891
  17  -0.615507898429622309016380412915  -0.452479088574772676078443194120
  18   0.623946423049602089946328160139   0.279100552627608824607389711153
  19   0.592506351296687731081495240279   0.152747627930855616066595003727
  20   0.699512127150751699069920324447   0.076101237863195153990553896027
  21  -0.596968502619776086457254757893  -0.720641224270489056203284615324
  22   0.904219592990298942440533996684  -0.238112140877478660319992369555
  23   0.277170157064639207174203190039  -0.892250469177383713687696362787
  24   0.860364877486246929932348208680  -0.362290432930438819302275886765
  25   0.011118811526404462792090125930  -0.770096648267590006622495612978
  26   0.131907299292153578792580607128   0.922507767770664574091217140160
  27   0.771854036311901165446587430537  -0.259766377954434111687317865274
  28  -0.234510249315975995053997473320  -0.900072482076871494614891592931
  29   0.820898536501742027046961381326   0.435324101310851655517883001596
  30   0.270056508184199734160525122915   0.887990848590578079652777309641
  31   0.756760189537106054336954354675   0.306811479361490364456264608529
  32  -0.923049028439338170300996417020  -0.075418862806822894788034356582
  33  -0.922094176868484701854923564366   0.073439041382784403342885875411
  34  -0.475771775456864669254180551775  -0.791923362501962003917876195649
  35   0.462473560318142807567824149612  -0.666785644229012976272391197077
  36  -0.302450579078545739691449073426  -0.740106314591242558590934880522
  37   0.646840619038569352412351463394  -0.488568525135469749884031288773
  38  -0.230202852983862364976535399554   0.889268607191384431584071679470
  39  -0.888387141882067954785466977206   0.227685100718145646517272710303
  40   0.408459535658658831586866834198  -0.819352773719777139788286885214
  41  -0.884255410950649511329941392756  -0.230672839378797572975963092170
  42   0.651547602349548780579396640733   0.638247228833709369363014348185
  43   0.629401504692338846105944443887  -0.657481088869058716112014217296
  44  -0.072875165850877168920749864084  -0.905232676796489247878822874757
  45  -0.687058520377552394683393316693  -0.590581749132279129382846213744
  46   0.115209151763940280270381754268  -0.896304744201679685252734376621
  47  -0.409387936555511606620395439572   0.802820423012175965335254841876
  48   0.465319920318246595682906551195  -0.487909748567170808263177304530
  49   0.644990770937720254477785697096   0.444427924738808821687436049444
  50  -0.041111502895416354146783123216   0.891362034647773992268097395072
  51  -0.794803612736569365398126556500   0.397760310205816639966292446332
  52  -0.786046588656032145932893982463  -0.406365573377943389549415500476
  53   0.868119548508124759401429113826   0.147303838921348109569782780653
  54   0.581631790415744391510003375556  -0.294275915538543522833689410838
  55   0.147685389624348473136797082312   0.725148573416456747941561700149
  56   0.535201396446225727339506024995  -0.037877037880158909627375533440
  57  -0.450034170317532643443877987810  -0.573700087701326919807700348021
  58   0.429808267724572719862919931740   0.730660566069337370315756112462
  59   0.221181214970643044232252244567  -0.657837560348226802871749102301
  60  -0.578111511704322888006629204602   0.586066887244575677565600880401
  61  -0.115213801781805339333474243183  -0.542948140731997939921304388970
  62  -0.172617940076993353300207608618   0.596267056483066302938556555820
  63   0.211664675813943857418749313691  -0.246411666623721820191066213880
  64   0.258077639020729034616036137133   0.304932972744413038777565089656
  65  -0.421546753166007379287566308903  -0.000000000000000000000000000000
