   1   0.907738609880703149614553917362  -0.294177064941155327159852205648
   2  -0.830475048223392535687157688092   0.469383713192077061930447392568
   3   0.349040089370090604636813885167  -0.887498962953679773346401309560
   4   0.123167233929532607432269923248   0.636561200555072790537564973645
   5   0.160232305130576286080845677000   0.724503765791603353572182242247
   6   0.260159629638729948867860712867  -0.916602101829571914424921185615
   7   0.541686411882900998842859128657  -0.616026164652996296830643713471
   8   0.235559542425668835287715237910   0.781885781559708607588821775578
   9   0.433254923878263722818633414174   0.724117245905980842308501358064
  10  -0.030956917018387851954255858857   0.142797584957332368701719907961
  11  -0.503529986789354444806834527109   0.807064479939334492334173939102
  12  -0.950926266079496182958195648902   0.003228402254207527035864728490
  13  -0.417374692601216143174243690116   0.854068295063532252367913633454
  14  -0.012252031598482797053006900045   0.647626663332599626820348225188
  15   0.939295899485185606250246222554   0.141577811254440865600570131845
  16   0.063545199221640940641943005284   0.713155143302340374158636302468
  17  -0.944273705912587624560459536770  -0.096433062239615090147793379409
  18  -0.434536751259470065235149640778   0.471122064782225946280350595539
  19  -0.120284426923023246962981680669  -0.940773719730986325603000593984
  20  -0.942333695376528738518954077616   0.103887629080039788363166579478
  21  -0.695794565196347349838310031038   0.643351069775155146883413794764
  22   0.584581831023780934421145710193   0.745333957897966848516813607327
  23  -0.610080325354955763634369744518  -0.724065333072025631835512506810
  24   0.496850365746513327441116568004   0.805480993924046602611139386573
  25  -0.223890566635921701654204432463   0.401548700792130001088750567363
  26  -0.262941673449645856050557362050  -0.781636095260453077540989446701
  27   0.663955271872479555452343491056   0.672515766674652684210500612432
  28   0.437473552805146448678784968078  -0.837161634054560900265649095886
  29  -0.221386003293208210691987656849   0.511473330849578002359047390749
  30  -0.317366862559772201796913032286   0.888621748019570044997100571089
  31   0.156909016018612322857182638429  -0.929939141665927790380720925968
  32   0.108519805665339801324489782034   0.815529421711743361987719634005
  33   0.081878380720968735653216461452   0.938454863931830464251873361296
  34  -0.919340600269287905830910499733  -0.202902484444396182185569818291
  35  -0.687312865245170061392141372740  -0.642559409368684280437148123257
  36   0.792879386959165711425620627342  -0.138037219183874822502101610330
  37  -0.323964711082362121610522824738   0.456864762733547533474272770328
  38  -0.914531634434909354166353204269   0.213292439521319214229087744068
  39  -0.754691149062639603354804186657   0.545804912180403999703406279911
  40   0.804632484104430128682531521305  -0.261972001183470888424840399816
  41   0.856171583814141984370887699299   0.380898030875080267075502984944
  42   0.816487189927435046225419726821   0.143180059075065122142503519784
  43  -0.367352494192512249050989045694  -0.717616030512943921727786767197
  44   0.689363257105827341525999363722  -0.207793011819004118573759289739
  45  -0.725353729329391553738447626771   0.421726578024181136584628157807
  46  -0.237353025860285217793857025482  -0.902572818657351469723754163937
  47  -0.318751015820945717593619814531  -0.462462048407862698704009860190
  48   0.913952370065957207785965842047  -0.180089027669772733016399976336
  49  -0.139862179114819592757078922420   0.606627773559494949291604136025
  50   0.893359397678736548579482437837   0.252918199442336891208573327539
  51  -0.366362769051798807078196545925  -0.853330337228255632255195792597
  52   0.840887545835725956838174152000  -0.391623459237432915020668854825
  53   0.660548514222303936232401959210  -0.649691025978045117115765402986
  54   0.209200637024843791119953038696   0.901425325353965685153731015322
  55  -0.493375495816120529673912271155  -0.779008446517523871742713590197
  56  -0.586265966052515400884766542874   0.712293154121012508699426932042
  57   0.695512128052666480358714720760  -0.351217970381174475473447587034
  58  -0.859877747424994695058904630490  -0.327771624362417575300391725321
  59   0.538102577045501946183712629670  -0.744699737720554391462308822563
  60  -0.850997352911848673314794181189   0.342190746703217759874664414226
  61   0.752695567166097460927405579031  -0.521282768286561409976170177873
  62   0.014756742777318350133336725428  -0.913697423665681186942754974824
  63   0.359088315346152975528171755253   0.838316023815573479888241824650
  64  -0.119529844701837416490332721626  -0.799215624283319354864395187141
  65  -0.039400222298815254094141557543  -0.265498146983537111951222475830
  66   0.578931045604889039552003718528  -0.479127360530848885867809890558
  67  -0.161385289282968191503247503798  -0.409791163229380827914452237904
  68   0.522306674725697096297590276173   0.606399714327149403840692593413
  69   0.722807876650944446010541409854   0.280231393910872945752461284020
  70   0.893843122795168453132192862522  -0.007255850167680972560008804307
  71  -0.584986570648760295602755531934   0.526079678220908814424862010285
  72  -0.740907504434044607005610222259  -0.479209633503162687874014073648
  73  -0.216765243475071523132449911190  -0.616404353726333109884517097526
  74   0.718753928564043379298359833309   0.504419378185608563538133431499
  75   0.295713395714772030224897394539   0.615052863761285562976985647714
  76   0.499353220789817709960655053507  -0.265609879140038240937977644388
  77  -0.501459922784377063413745260416  -0.562474248684165269221898482187
  78  -0.365573604984114106744965324207   0.662227351522641473487061049522
  79  -0.108598079774706317366365622857   0.833415138825137729608373556939
  80   0.616342754546332598006095450815   0.018209800793488704842761935604
  81   0.436179239743444805738534826472   0.331307701557092529308207248155
  82   0.041044310979585821386070699921   0.392334948365467850122154232146
  83   0.202650047759489050972852303621  -0.032731863774987444479942879063
  84   0.198098851214836255101818546243  -0.575574508283948702608189555494
  85  -0.479767994129148955499436615375  -0.000000000000000000000000000000
