   1   0.568391350509356113829300612570  -0.591100380634687825272371482522
   2   0.388175461723262147976801582251  -0.867710031168914776888579477036
   3   0.295532108651535341065534402251  -0.903117059810084355064667556125
   4  -0.400312307110106677126326983333   0.861426371226673222419492379861
   5   0.395136200483866121163681895301   0.751433210147341132311726819136
   6  -0.821896516984420268559413666699   0.474807072261272629745133526974
   7   0.423525126435202675766577912675   0.849049912579836936683442876464
   8  -0.676523027756383622353082490833   0.664728891578099350115026288240
   9  -0.489528511258183464178071166768   0.811900724060129363665247278650
  10   0.929624590643587210667581171714   0.184054221176501984099102855360
  11   0.919410233541406863659377860726  -0.228041179701573894692389140061
  12  -0.235313472739880293189134291211  -0.780251217944622818066031842354
  13   0.938352551390233987850000788254  -0.123449536914755107982808415719
  14  -0.942806066946296820255550446562  -0.077746781266100081297874994037
  15  -0.089958349596900803933125358149  -0.941278329996112874049431680378
  16  -0.940073870406325213771825885983   0.097474264544145625503263754681
  17  -0.592401249599512319023388906923  -0.735818453121570913154332918451
  18   0.125476520475227059658234012190   0.805001263157358985406589526056
  19   0.478781042816950859693931961923  -0.813215196309684128550679648597
  20  -0.114851091771685782323244046865   0.641050653737707419600877668650
  21   0.190359579456299093561081573095  -0.923254793237340452376200328258
  22   0.612226248566860866612225363491   0.716012100579166211091034528183
  23   0.789653235083668860332675203640  -0.098621995743378107680706825845
  24   0.808537714303377561439480354731  -0.214452818081126314564172177414
  25   0.515114294226416266613489530422   0.786854477487238625435031660035
  26  -0.920537925548463867802802120031  -0.189671566271568423117834564420
  27   0.694317462510260004586191441739  -0.170069889974368583608505637542
  28  -0.914633532689215230643304047611   0.210907246368384466476935633794
  29  -0.203544952891112328751362226179  -0.915636811747460810689663303914
  30  -0.337350430746776480401545683695  -0.725397414539718381786772275730
  31   0.813676924480995926184924217694   0.181757887347752239441072076212
  32   0.833889325952253394513675408587   0.424916132744902741919725336732
  33  -0.288844403531306451738582024365   0.889442318249104547693998225587
  34   0.121561264852616876764317837450   0.926459452994936512027126880733
  35  -0.295914012933317593055523485727  -0.459692921425380427183141126624
  36  -0.712970127560729243102675872724   0.428955372634955217827856004689
  37  -0.258069293577412210237176032162   0.445490800736901746113370567053
  38  -0.740208359771748298925379857534   0.562408646373466526575500011401
  39   0.881601620862177333520413920704   0.296446253390457707429904806993
  40  -0.674007279259229052355873781903  -0.639549484640335728297118829350
  41   0.077737578065341970998169833756   0.686571525582036685745173247139
  42  -0.560186960574860361159403558086   0.708971457883587090501398133882
  43  -0.329882746405506944970823697136  -0.865240903151730994408938527717
  44   0.859645369522188429782463357794  -0.341101942891758817462431046851
  45   0.692190617791092712492855112073  -0.611544993279645656966991562014
  46   0.710039288780324461579351942079  -0.309079791757494285905564632291
  47   0.575751535947406293712939186513  -0.718924142216650861520446244495
  48  -0.862996488595210729365254488088  -0.317815445513833312477214979445
  49  -0.466593181083971327101889464336  -0.790467039033853359692102394801
  50   0.781493401794380899803735741340  -0.479028679471500078430837369331
  51  -0.848791561383776541047794453187   0.341656311819849559230174608998
  52   0.047129710766570334503152196369  -0.907397508652810302985608248195
  53  -0.026456964096283114256239117547  -0.259421402851490312715764059058
  54  -0.092423421785994353904620060919  -0.796227750931335931399700742499
  55   0.482666999793077836652764923155   0.638048662571013335839527690131
  56  -0.143882434023654790084440455947  -0.405333929501412082436575920959
  57   0.603153053339665303820097499262  -0.448658184456820038963933433073
  58   0.272380550930538625541906546311   0.857577997054628634229364089826
  59   0.709420529652337894582856941170   0.313274779894489853023492278759
  60   0.892813100616223183408752396595   0.029771318877411687003685104893
  61  -0.565146639413780193588159084947   0.526360017990044322991659351894
  62  -0.738847017302388078679422983096  -0.466842581035952987946000377199
  63  -0.195112402640685421401359447337  -0.613989888469591493126931287539
  64   0.267195704902512334227285841797   0.634707916589023995934985278967
  65   0.682108414335980354108567955125   0.542949124359139758298098324614
  66   0.509854062175682778886936389269  -0.236276477580017473041334668455
  67  -0.474179836561463293594717620088  -0.567067691563232522823977025506
  68  -0.078360147828637702098309961922   0.844928980881818311328497757019
  69  -0.331311467741340861070982625556   0.662252114702325680083961038438
  70   0.613984863839097695126761894979   0.053585857159977442634707302514
  71   0.420235380482049105297831481822   0.361844283125927307681406267080
  72   0.020193430014539794496002643579   0.407968563517393590331598021198
  73   0.200500793854740104470856868987  -0.014245473915790424498355622785
  74   0.220008821447838631501116702354  -0.560716792757675948682973546122
  75  -0.469932274092847505333587398497  -0.000000000000000000000000000000
