   1   0.907086083748408432259992199770   0.252354308972067413498439126716
   2   0.495031186583340396802546060624   0.800282540654623057978764726930
   3   0.866168734899581555220241486958   0.366383486123104183908245456253
   4   0.492624760923171331355114481011  -0.800471672487144775649553790571
   5   0.453852039630860610782773837528  -0.686114262759324929305732937861
   6   0.387146246025393825068263381879   0.855119333598168696175279690757
   7   0.710740082655043095232540518319  -0.612328705449630958329148757277
   8  -0.676902789595601853184612419389   0.412688642041626262328578126498
   9   0.696442942670815755254807199531   0.626636430329861107207469129777
  10   0.303621679252620231346440690251   0.760891991570784030456896885963
  11   0.596207270449784965773865790190  -0.558944704946104713564360547050
  12   0.625321370045144059237497925822  -0.214394341304395813779404491454
  13  -0.270419406947328831752893651791   0.894050652950877436254004002705
  14  -0.289056016040981187590904708748  -0.887398517619867295776138217038
  15   0.110621231338759201254467374906   0.925915445739401872086005329555
  16  -0.697799103927814167918171991147   0.617339118450925683473505759177
  17  -0.436330102657168337778188556165   0.668183582891722849629945136198
  18   0.420220958588895290436824073070   0.695148840904545444090699691266
  19   0.899248472780616178053812722269  -0.233368268905536057133411397438
  20   0.592932724240676643428156307324   0.713388442612117309647043523887
  21  -0.779381065691098505854335919698   0.502060105386211085049819301892
  22   0.255726903433879012278826613461   0.890048537498250062050357982167
  23  -0.132128761280549215924475786036  -0.915492452223083860032445197803
  24   0.107685598944944770360513516491  -0.704294056118745821100363112287
  25   0.768049787655014613725644278175   0.001615221115064722215588938173
  26  -0.428542379099891988579298685952   0.815713177476344290811747203192
  27   0.593329771731326380516840523045  -0.703281333524270006458929922064
  28  -0.580046720276139320628394999821   0.712516609720514356157637249575
  29   0.763656170275681596100697929547  -0.159043151745897310129400404127
  30  -0.915290689718443103816412413721  -0.026768282127715336934734996502
  31   0.910949382423122953496246302599  -0.077051095362154362237076417087
  32  -0.421907658330202645826063824694  -0.809116003653184354717244358701
  33  -0.898618473136811612522300762141   0.147886264749319764589693592066
  34   0.902949710141455667881605976142   0.102720779585391658400555257784
  35  -0.883834006021965552609449143388  -0.202422697840233687138924585669
  36   0.764538408048628441697293373696   0.483399413306917659036744200128
  37  -0.338963597158607456478706659394   0.532525092482913385717412117841
  38   0.139122899344843348795743925534   0.760495267601921280632936690076
  39  -0.271136423879703370216638365041   0.724996446697952217640441363646
  40  -0.825628632086147425444637158497   0.329132274487229402182227663750
  41  -0.546005335718009600043554583330   0.524986658268575999926163802011
  42   0.053424288529901239821554913232  -0.885440843644557402455165128566
  43  -0.791626552943692062705548613225  -0.391329714437726080211341350130
  44   0.267432465183565333479181510000   0.579328359976981137694605419568
  45   0.567189768533894887197223532475  -0.031939344875645748849784580502
  46  -0.076216288480845822395308483560   0.856270475130546252251246651095
  47   0.294422531047078547345963564016  -0.809805142097131362241846908713
  48   0.524328115594408716304610826466   0.506048028193779236516611520850
  49   0.745511262703989819278228003603  -0.398509555922424102095831315296
  50   0.683247819932732113349184210600   0.235592575061130626957954806202
  51  -0.572065043864450572627065826333  -0.589456885710010290501067666708
  52  -0.045532947241650232228535296088   0.529166756965728757080020496050
  53  -0.176354011027658993871574787382  -0.625094177041648710156378846397
  54   0.266649717272240206050455630884   0.202227768447121710982013532249
  55   0.280037285972069369126503425069  -0.359497474967076457076889557650
  56  -0.393061318903532036058843190387  -0.000000000000000000000000000000
