   1   0.084086556622050777710822296532   0.343511377412097685484573624834
   2  -0.297634354021077982776802841588   0.468843472885076134326340781567
   3   0.489975479729167329396122393410   0.635707995568837735598216384281
   4  -0.483756236189863841112448147492  -0.808962492787293409186087377052
   5   0.758677301544867098603288961797  -0.558473287267936753704925497864
   6   0.935557390780867333583273510515  -0.105964207120676585348184833591
   7  -0.697132647618632049570117359928   0.420153862835164317139337792414
   8  -0.411867222943158914043873339204   0.492303609727165164873272507491
   9   0.085389273710084482648930445649  -0.392208295128281312876675853516
  10   0.703805260310611301383528715824   0.016941866258089532645703580632
  11   0.104205193676089245435927677899  -0.272237096585289415741428042975
  12   0.159194587627376530514443418877   0.252620015979087381779976722917
  13   0.022891607271850394694678303552  -0.178423617536930092536241130681
  14  -0.934813375131296278343076733051  -0.060170681406756411326976436599
  15  -0.933661549647297775455934447696   0.067022507220500171554268992636
  16  -0.786737993464885861718977834863   0.505904154389069247435970799174
  17   0.150392570779652440091154480170   0.695846455885469373548576632314
  18   0.149050138670091619272883979781  -0.152957594704468702612302899538
  19   0.671532540109746549498167867417  -0.647858761714532702529907794439
  20   0.402070051288513923284187216984  -0.841132510396991860998529562262
  21  -0.015347042906294064789375167960   0.267816640905363807684244054832
  22   0.817111371686727432295489772991  -0.445308247788088349691266309912
  23   0.573806723843266507532005304894   0.731456087625358744199062535022
  24  -0.908591117467255750320603191251  -0.192141786755703735639961222249
  25  -0.905834528842409627012681397366   0.200360550795731494148895085237
  26   0.810741675805696297952085184473  -0.063799464735238782674052022209
  27   0.925175860495233842767408453749   0.029485400057568197627845863611
  28  -0.142121187866659749772208785048   0.722223833161228245471736350268
  29   0.009882171444490421871577493783   0.716387818435299936664504481593
  30   0.070332105384454186826746711673  -0.032394642969477560798066374961
  31  -0.031252574529575952554895868161  -0.309427985676859582114552303097
  32  -0.856392892019286987523200261801  -0.334705147751279774162960413705
  33   0.672530427548532155873013304587  -0.134443722617193148035298237124
  34   0.537922122409118425900990785959   0.348432427119358534504448121957
  35  -0.500003266541607094594234786496  -0.515192607182490469027269356528
  36  -0.447528732003754773158893471237   0.796124430745672811023322629070
  37   0.066755313866997358004097716824   0.133935482744020354341489510179
  38   0.258076088221217523410662485129  -0.265259679584734033665639730701
  39   0.228279682913767430733318786820  -0.445652970041317943923470086008
  40  -0.834452452882835885595448860610   0.351312335683070776226803596641
  41   0.206754052466630920869507971529  -0.879029191221064105965195399309
  42   0.526692160365529590930224840641  -0.729701742720664485286390964597
  43  -0.582281780676828510600797608987  -0.683373691877516510795686556623
  44  -0.264842724289936984840079648040   0.854756961063661910345502526999
  45  -0.054222197694609051871656177132   0.889960500770967948538722025299
  46   0.165419136386215715814403154848   0.872513663205448116955356311931
  47  -0.317268637439539190135935097282   0.640038514514578718110065684131
  48   0.840086546424054315336471374174  -0.257033147121484911089842864194
  49   0.385830183631350813957976008400   0.785130154135034497276939417971
  50  -0.716106658149546193104731782138  -0.492671113055911915363511025318
  51   0.299468338288972803050044332345  -0.663872123826117231742137589159
  52   0.665730191777223538470210297066   0.537262567176541177367289864377
  53  -0.592506092045415592338676460375   0.604865198872482340024115742173
  54  -0.078488561394819511149124609550   0.491495971328589207395097320562
  55   0.787160077524562273463712580073   0.239557117717039477531242240612
  56   0.293565829535519977796861158706   0.479712414257127899307185639782
  57   0.534612229868950688831446149992  -0.399411759329052302518095155785
  58   0.394243073032737557754073409908   0.047065000502447167151964402328
  59  -0.143970233458064051488400886013  -0.678318686787883870652151516229
  60  -0.440067005289658082080456215752  -0.000000000000000000000000000000
