   1   0.911732258785938615457453024223  -0.278265545221656057347976828691
   2  -0.030755172260956187932127795473   0.146101199529458814115189220553
   3  -0.827610327341761134657725848251   0.471849231516110080069914448234
   4   0.363864309540807000397288855853  -0.880121834828186632020831303418
   5   0.552119523346710556218026059050  -0.606344513760060044607522834610
   6   0.273330404296135265169645255348  -0.911664368336433163514889301981
   7   0.007828995515736038961243048943   0.656478044869604283262474596759
   8  -0.951089947319107469334169836454   0.007306898487897440403309141670
   9   0.451898047293853854899520854482   0.836533067298225752563635705960
  10  -0.230045251053710422985049603093   0.402743915156888464947958114790
  11   0.935021417926575607837818140963   0.168627843673180786307805883009
  12  -0.497027116252060519508412049714   0.809325619561754049623370987596
  13  -0.408248990773823409026465242748   0.857145006473941232620471663100
  14   0.076685065934600269692193269355   0.945933741258943538783964899770
  15   0.178005258623655965111412442562   0.931813738957107626951869455562
  16  -0.943708424745201237193668963873  -0.093021952079670985428835843086
  17  -0.428620584148939578890553408021   0.472882489296223157987153152872
  18  -0.941291511449398236177222384850   0.108221980235288598234610831833
  19   0.413684206506535032576505455471   0.741824457944574137972544959337
  20  -0.108220740972279504584937580115  -0.940459258322544650568653936516
  21  -0.687255076765911288373982836044   0.650419011384197968961080434027
  22   0.452731561836593624268558955460  -0.830402414715686570985025096519
  23  -0.605052624964271886517246823102  -0.726357137007867965160345670610
  24  -0.308805189789899697927282445125   0.893001086149227474053157788428
  25  -0.253541065558273495424749911771  -0.782994092191123512792646930617
  26   0.170371393984426887980601858157  -0.928425890876022404091643799715
  27   0.111288816577203263406275131024   0.675138727941055557434208761017
  28  -0.320238836091943721888947755268   0.459619634130802330831449527944
  29   0.538202434678708523698003860445   0.773589603330372893750437625983
  30   0.792310582673628652348887008088  -0.110292557473882013374573593886
  31   0.628713987805895354074908286818   0.700538586716864431279535614843
  32  -0.915361432025891786929175308590   0.216958788573542752830406672600
  33  -0.215329595553840410394017024067   0.511304369040452863402943429457
  34  -0.917526080750953869543493289460  -0.202117949024152468254981949088
  35  -0.684733480286577223665276550752  -0.642392879736091597080684436948
  36   0.817558987638405609688185802500   0.167553789501414291685100507465
  37   0.807726014674771513081076199249  -0.245101585412063496588879632570
  38  -0.751565481636195937598683945829   0.552202102908802137748769049396
  39   0.844146603239891125094905446195   0.404752177545939214653247232378
  40  -0.142989386616558117831901988847   0.612858726446207869963291500008
  41  -0.357757942755949936062845152383  -0.720262484155690998458944133296
  42   0.693597013544432298650925461741  -0.185987528510913635420633949092
  43  -0.723793906159702176296607770497   0.424116051731406050662931220317
  44  -0.310953481168104770088763958119  -0.461887192500911242090735886401
  45  -0.224602879876694111238182330451  -0.903837951481963915067761704559
  46   0.887716416981769962872441299620   0.278590845450668720880708765178
  47   0.849297308415374245799147621821  -0.377573785938867652725218828618
  48  -0.356826905909300182948193354663  -0.857136516557776921420568635327
  49   0.913679582473663899529294787507  -0.158931843928779710336905774749
  50  -0.577331854705839300510047756030   0.714930709929867247162306298579
  51   0.671019644532586893191312544074  -0.636916796520733879343132595203
  52   0.132400957535467035407361533079   0.806049556467026289275793584616
  53  -0.485858563482867766245155808150  -0.782936138296154868967704592966
  54   0.701370832255804082618285200427  -0.337714927860982246322091705615
  55  -0.858867353645851691729799848134  -0.329762525109803323017484128204
  56   0.549910168026992520286795591487  -0.735728356289213716618355624703
  57  -0.850220443374355870968371652134   0.343473420775964577481501043369
  58   0.762559773806036065092544672618  -0.506299095286870262369088363150
  59   0.028752287456077457073298404977  -0.912755560640061416190010617586
  60  -0.107979189970153031781189826810  -0.797523493420836267137707832564
  61  -0.033938061445433202522210978643  -0.262344870341643121451265541346
  62   0.497981837247990678655181935118   0.623484180412713641158951721280
  63   0.587334809070874512868544660039  -0.468169104159282997146497031606
  64  -0.155023724165726954127558706203  -0.408223194344355010019031657158
  65   0.303298587719546371146046383281   0.847328748206001648543415644642
  66   0.716458852801681453287777341514   0.297219853393409296446332515099
  67   0.893977850289955503616558583268   0.018410302945767971017902363258
  68  -0.580694602528807849930099182815   0.526986703677636511099702735272
  69  -0.730818039152085412518614349887  -0.474355414972502463617757547236
  70  -0.207532578611380046021366696780  -0.616227227086214829852587097227
  71   0.282971565301473673524711593669   0.625284069124440444695831989041
  72   0.695507720633472632277173768777   0.526576550966432046835409104757
  73   0.505785277698406255344388997582  -0.254686325063242173294715459983
  74  -0.493015202916156621452597812489  -0.564315662468691143750787105776
  75  -0.360152939357394682031676988761   0.662738560386129669408832287045
  76  -0.102000661455579686700613884118   0.833780180860268163890000138821
  77   0.616163177191619479174781956308   0.040054279936795461695474094182
  78   0.429328620568712016026931421911   0.350280683521082902580613099468
  79   0.031110232970870611195881354086   0.397297044802213714606368419116
  80   0.204238078517708207209205667149  -0.026291706186071286469358621057
  81   0.206701761120690057097115025507  -0.570500678420200971633093366081
  82  -0.477856576974717326794990613599  -0.000000000000000000000000000000
