   1   0.260985638684221269688639735362   0.457786336045012671266411257603
   2   0.899671292717233151923805110353  -0.319287862331635969900460087711
   3  -0.831716670076826442488498352555   0.468073457500395639044681349891
   4   0.512996418300619670325902206980   0.804464646202623309346276251880
   5   0.172253868783718586640307239758   0.713655704941550974125947323820
   6   0.156598404777439848345278804566   0.940608580570963864027321581055
   7   0.330509528544868665937235258624  -0.894139816480159157837047383140
   8   0.946361613001426229023503437102   0.112075914597771088643871034724
   9   0.527968057486536226112263746350  -0.628523397902181906397723854580
  10   0.240236950909883514923998994320  -0.921581458431581150623076183186
  11  -0.309142487613498496462539786971   0.900483255779620483686830731030
  12  -0.242686632463249236530791759078   0.403003081120692691305806789640
  13  -0.951423254704731592461073696558   0.004952014056825902734931884788
  14  -0.031979755831280390741450447939   0.132952027156444074249907619571
  15  -0.027589644014884752405657545867   0.643691731613196056684018679359
  16   0.060865574783498230374359918951   0.948439070719747518211739068452
  17  -0.436554748040024339451547062034   0.468266445029848649665921545445
  18  -0.136893641036773850175777418920  -0.939713511694140423662577005567
  19  -0.944702084528549207404404794404  -0.094015201014421934875353830476
  20   0.468802925846711901343790915809   0.718079490332687301747878839667
  21  -0.942841972409579424601228055860   0.104528253900418611350044539518
  22  -0.495876269940467785363578049720   0.808237765988667327281776611627
  23  -0.613157793787309984219221543636  -0.722791050700166745597891080112
  24  -0.693119317800858613456663688388   0.645914530549001777434690064711
  25   0.138844382600452233864644182735   0.620302306675453664754851757405
  26   0.243282511270612319939934191246   0.783445127983205537553739095171
  27  -0.272059729739932975516963776106  -0.781229163694916141805089409727
  28  -0.401335996182778931350831487814   0.856320845543690909295788489139
  29   0.420223888216913987882912465581  -0.846700311837858637212849416139
  30  -0.332291372387337205407067266180   0.454738218721363616990907879449
  31   0.137683247926274894127808554930  -0.934202019459172090052267025429
  32   0.683666035115101989457838615864   0.650650435887879286533702144868
  33  -0.223725190301005155773811041890   0.506593890451091901517160543059
  34   0.589715796333759493905393953460   0.735557469437167197785410831400
  35   0.255245168805569072178137841100   0.906998564797464933049813474103
  36  -0.688822162656346997824558928536  -0.642076591444768081612071609446
  37   0.063063716679813575060186129206   0.702608987246028368172051808303
  38  -0.918785799783596402696950537444  -0.201031475661710685095955586906
  39   0.787867991847780842299603239100  -0.157435982974465044829585935445
  40  -0.914813436818034044945639975701   0.213053528395101505824649729247
  41   0.818514979888521735016306967803   0.117164107152232726107903350743
  42   0.798594526306585552749445438256  -0.283052899935885332777436218135
  43   0.868281126769567043852257900408   0.353025904933356781998039384923
  44  -0.375015083514601573624228935839  -0.717721752169529240574093433940
  45  -0.756209515189344775103662119953   0.547727814548003005444163551348
  46   0.684301428756023685403845778310  -0.227389981702296282553562561770
  47  -0.726334299201560308523591393711   0.420745091333872734787228306802
  48  -0.246874588995449570528777815906  -0.900265197032529775944623413598
  49  -0.325231601705985235690216801724  -0.461973741024193990906857692013
  50  -0.152970606435832209848588575923   0.609626941604731601709591285949
  51   0.907982362377717326411241171487  -0.205095941734562265279921905938
  52  -0.374360644549625841682844720549  -0.851220158921989504809821872509
  53   0.831651899648497443617437677854  -0.413797677045006855665762027177
  54   0.900873499728037805616833595104   0.222200905860683198420925259728
  55   0.645615831866183103881998193873  -0.664917111975226217931035253684
  56  -0.499338249275505642803609374221  -0.778025741691878815376048788944
  57   0.120867369253250547736257126662   0.823976747909217516832034950491
  58  -0.582881197950004709766281803458   0.713598208410811531174203076383
  59   0.688941760447006456356029629472  -0.370309736960738028677391158094
  60  -0.860425918376430134515686974330  -0.327142127044886446914928881549
  61   0.521712883756657525392830141611  -0.756628961323282042552913281168
  62  -0.851587312454652814067868201861   0.341524584445024805913421142044
  63   0.740294748537406507336350833055  -0.539266994000224126683091003354
  64  -0.002445069978754938071601021808  -0.914147146561075431678072887915
  65  -0.131433241323132943295983432834  -0.798043188916839790593283079623
  66   0.379412119009566719746809351612   0.827497841374901776771988256674
  67  -0.043756397117389894403920218900  -0.266656042540747675914156748746
  68   0.568201701120026662829248116431  -0.493007903149523973225857054094
  69  -0.169040237173387483453941032612  -0.411424158355053140152305042879
  70   0.542137319932846681896623779169   0.586608253278185823749369079201
  71   0.729672375198390995869970824047   0.254595032340385182803255436970
  72   0.894316610678089085247709086637  -0.031070115473601853703878002157
  73  -0.585227071178016074323320286215   0.523224960705009171567839006284
  74  -0.745900829281859891955998758444  -0.481102398132688813092894592788
  75  -0.225881888653680073249190587361  -0.616837874059884662820520826644
  76   0.735510776824129016837999941186   0.480567277763090707369079863884
  77   0.318639218595889525957917153360   0.619728332761043405063230533305
  78   0.493180466089890067907538943056  -0.278719593056972753380315172728
  79  -0.506786840624336005872134622358  -0.562520284876053318672423038536
  80  -0.364869483815990823376355367971   0.656039161231068277226398367864
  81  -0.113445281322902320040623374595   0.833351172859553879776304136766
  82   0.617332671002750120403135412684  -0.000463682700328884030143767645
  83   0.446055488858916774302923955484   0.315938312898247687242274227842
  84   0.015394823343274396506099059419   0.387764071696590136834983355420
  85   0.203013596506303967892576969057  -0.039885915939418467069656960611
  86   0.186582138704433817138941701271  -0.580766611454380758443407934778
  87  -0.482226697775576302212381475925  -0.000000000000000000000000000000
