   1   0.562771590383273320110825265353  -0.594529543646097513260636265814
   2  -0.238989437300844501015520379911   0.412291348146931291649800840763
   3  -0.490537777327643518610682090272   0.815049551382876469791010433739
   4   0.374802961539127194149819738267  -0.873979415226821542034173515696
   5  -0.823719316450339084256533918577   0.474526856167168980558833545656
   6   0.933093882261355859512927552715   0.179932685532914672466073596401
   7   0.281416102316199566312563634306  -0.907302569361746761484998679886
   8  -0.316628095680928078985431765460   0.473410551139690843456821037904
   9   0.436778835802479645339339137648   0.842775538259256539393017715994
  10   0.916770872061660666157059676099  -0.244707567154416528341302338894
  11  -0.685892802993930509182267202259   0.655126659897429231757989681210
  12  -0.948110429523102347378175275887   0.000424500344113361531584782253
  13   0.398761912046546135931720929221   0.746998239417898835046701746035
  14  -0.419709083191569413731980830278   0.474641662874331240848897401612
  15  -0.941143746877428012070140738585  -0.104325268864924433360756426906
  16  -0.096189496803319622376120843378  -0.941587618435684621070777025140
  17   0.179671665105780785861757481366  -0.928839646195725838359674299025
  18  -0.220642179910106591258228515722   0.515449433632784984094956304106
  19  -0.939117474886538783495384222803   0.106767285271214959819315076061
  20  -0.601214691465546278573048491761  -0.728702459052731973778699890435
  21  -0.242909365832572466456410849463  -0.784270264589778890216920700125
  22   0.465708305531684574028237199687  -0.820832484577374725443639413878
  23   0.809421550294981698618193487762  -0.231683591109460145910758888543
  24   0.619723063119394749951489374882   0.710409143090564186812469778161
  25  -0.916831012049829410976429358781   0.217172168681016429197350709198
  26   0.058436785291962575474836365519   0.672414080549814487553626134904
  27   0.526655935659126387128512738029   0.779937695042734489434174233346
  28  -0.915852703009888986243403673770  -0.214013639716374920045526063048
  29   0.809936300877754406901664454088  -0.114850226027672764309963899748
  30   0.929766041410277970947451035492  -0.133657170628823038764617254676
  31  -0.682186547370230528605266943701  -0.644802119677909377107050288303
  32  -0.147046408671328462154829491084   0.620182618753252929673042433178
  33   0.811711699564950963738443240850   0.176936555751418377004255051524
  34  -0.750598341807608985080435571809   0.560272546372316075994004831252
  35   0.837274155265419331345442264118   0.418149105430726104887075187614
  36  -0.309495436457069842489087627497   0.882470748057157475562085249451
  37  -0.720797874022105256555130578574   0.423259946211044704723573253709
  38  -0.350473944873142497200125332913  -0.720531023317587744295762558182
  39   0.698550124594359979827954608546  -0.176336471506650721569179472387
  40  -0.306936992075379193888601189843  -0.464596073749135104392311042702
  41  -0.213410172762706776896619144331  -0.906312107134137365379211947210
  42   0.134275205293136923416508749479   0.775757513634765802221129553506
  43   0.882867720574549447926455138709   0.289789191106575527254357439695
  44   0.128010733254219290267958788280   0.919337433020786525992665009372
  45  -0.347258825322033726594640558787  -0.859671278912384705676689756726
  46   0.855775769973621035789248763764  -0.353894303199157204983702528451
  47   0.685879250532286579040431058008  -0.620413997828270502613085649636
  48   0.709380717665589039869048933665  -0.319604142047151526826199464870
  49  -0.575073069610367260534294214878   0.721258240231768447608763716284
  50  -0.479987008381608821797131228393  -0.786187632922930283566119220319
  51  -0.854712071540291061411710462004  -0.339670208115452567593894623760
  52   0.564372692990269488628130998919  -0.724351319129634014717577701177
  53   0.775375017924406198339817261016  -0.489017120454737737781071686985
  54  -0.848530729592014890210900644192   0.342517274899702235585705524761
  55   0.040341351259969305549113992477  -0.909675569131852750622244484543
  56  -0.028870778254036346627677195061  -0.260594110782864624757888979516
  57  -0.096892065952599830675171663446  -0.797457880922054324530557067651
  58   0.487017371749020426926435717366   0.631993917071262785852200836439
  59  -0.148955116992372121024267649298  -0.408890150487030327866294138071
  60   0.598187075987052967940751765865  -0.453372308160379173420590768885
  61   0.286186366768279282117932181166   0.852021927410028565813384821050
  62   0.709986481531078011648877897130   0.307655587542747456172168528031
  63   0.893340209245646338779069996064   0.029178029752211040047311834054
  64  -0.726306639054868565969666136654  -0.479622138230383856420369431254
  65  -0.576343453137635303891263669686   0.530202215372539356190932680385
  66  -0.198979423867855063758609510371  -0.615828233451166057480313800373
  67   0.268784495033632179567981430223   0.629982068581166562565179457491
  68   0.686534279930542742905338825185   0.537537466555436410923666245660
  69   0.507320600979443602600692066045  -0.240175657940226718606410693341
  70  -0.490372121895419756013658882777  -0.565983436407747621364663368669
  71  -0.352859998266915573090081665711   0.671520471226912936416794849643
  72  -0.088390054235494275393126481814   0.834799358880706570471930908326
  73   0.613312361820788534078524687015   0.048702866614583010390045108533
  74   0.421233711400128893826255976972   0.357125079542898154858458551288
  75   0.021643956445945544737911692903   0.403860280961723889696815944111
  76   0.199927923627548601384699376284  -0.017566605618092557813238987694
  77   0.215787617791558645801004339264  -0.562888175329656901727399527601
  78  -0.471097264692773196968172095813  -0.000000000000000000000000000000
