   1   0.946112520555721598957226055510  -0.007649964307997529124261152770
   2   0.525719821420950374578424163936   0.545950373476696501474157575864
   3   0.748545027733102057665423205662  -0.577267538734700187169138799699
   4   0.727581918341297962006255959887  -0.041701899384167691644469199367
   5   0.540931253266854320849071682540  -0.774107007986812538209556024523
   6   0.837810416692552461356724532769  -0.026607391101416778477481054550
   7   0.767448534909798196771009584592   0.548703873424644398116541361092
   8   0.885947342074371106966858820428   0.322828819242439675864147443183
   9   0.739090210218942893734152900484  -0.386943710165910973261386896871
  10   0.934358461986811311089193762013  -0.118983898119054118599706255593
  11  -0.168372929565560600185063534166  -0.789366919528512255320533620132
  12   0.808797608390476388647009185815  -0.480608667047336960351406453474
  13   0.698536865043187384069251165158  -0.152884149354631268962994380551
  14   0.818060906810793820427452404694  -0.141343673958432124234830405477
  15  -0.360604574995978946446910390023  -0.867071825046909969333570495753
  16  -0.615380861162258419185164105192  -0.452564876859967746189255600646
  17   0.625590734759018114854406162775   0.274993685173732070635080215119
  18   0.701341889398706913799588672086   0.073355218995313006394708755750
  19  -0.597266136490247232291585940973  -0.721075851862223177452422354760
  20   0.600776062650923216936082140730   0.151036831716420817932274135470
  21   0.904177629673371875037622650382  -0.238274782584981717374726750426
  22   0.860294530866416829745351162096  -0.364419579088222822890139143365
  23   0.278796771302872916889462826900  -0.890914288640142006145987197398
  24   0.011713692657251041288188679526  -0.770131933604714556733607952358
  25   0.132709097745986535175685240667   0.922378253556588506788563684054
  26   0.772412573295543268621406076021  -0.262342311075580664968225413830
  27  -0.234038076289095063888043263028  -0.900180146216906832633438182431
  28   0.821380142759322229063788530541   0.433234325190370488946821430529
  29   0.271158576591802073680755848321   0.887578647258342551947629696961
  30   0.757365924208494114764609608930   0.304401436021864169199421552919
  31  -0.923029108624692585650880186216  -0.075471332212755019227661590335
  32  -0.922079988698640100232871154816   0.073418002049467733944521750272
  33  -0.475402619277175802158932395670  -0.792126298326308097304895579972
  34   0.461194470317182666863242619190  -0.667651894411431083401267971850
  35  -0.302185852533142844725022480661  -0.740191735444922655574098844538
  36   0.646578250101291795708306296629  -0.489212085211452194583381033868
  37  -0.229543519893981795934690035990   0.889409213520688938086118107152
  38   0.410066455938081481228130701815  -0.819580580601611757475082973861
  39  -0.886430289067959847665511577192   0.228881807937390156196980230613
  40  -0.884215191521111586854056842326  -0.230755021172606464169023675505
  41   0.652906104651791735123136146466   0.636830901418462142553044149265
  42   0.628710344716746761747471730099  -0.658115839485469545629717042290
  43  -0.072366141223788045705977899391  -0.905254082127657044746999365065
  44  -0.686923150293205997244632963397  -0.590708793711077057191655618002
  45   0.116058267741789707001397627043  -0.896174709219284203674623022237
  46  -0.406331910080101378983553371155   0.804348140711850518403085271729
  47   0.465018647042204635028687953364  -0.488756495846417285151126565080
  48   0.646261117431469220090929530250   0.442602987756387179039086172339
  49  -0.040372611018088890584199171564   0.891373073273414691823673862907
  50  -0.793160534591441431727168232945   0.400974713765654557784553934562
  51  -0.785963895845220730269593155124  -0.406472639850240768830994544941
  52   0.868117263375782771986476816097   0.147166637945351740157983482982
  53   0.581880641310743649714678354263  -0.295338667225251702534449646133
  54   0.149119549940779966053947644294   0.725028736528175138223020109101
  55   0.536192172698790483366442431195  -0.038750729894301360435132394768
  56  -0.449886130612316698213571486818  -0.573830403366801347968264648273
  57   0.431316552695753493876414986282   0.729733917350626887938479523966
  58   0.221070094726059942389409388601  -0.659212106245511916750153483997
  59  -0.574511838467234491546486238858   0.587099256258244102907316083243
  60  -0.114990060753018237960617918899  -0.543127464482371333091335910568
  61  -0.171155532750502835720045013053   0.595882221044449035723570884629
  62   0.211957731440696629843358371469  -0.246528874043624291391435199745
  63   0.259847097901165754267811524944   0.304806610269278946040804453791
  64  -0.421356340332338783124559629853  -0.000000000000000000000000000000
