   1  -0.110993294206452573997842728775  -0.943317996461764470445332982102
   2   0.438957161247748479766739994062  -0.561857823087339046854854337627
   3  -0.210468089015180690898014944276  -0.925483658665618514976432339975
   4   0.900843850026894486143636298039  -0.297657311089355240905913395022
   5   0.019755540832680005113093132281  -0.535341839185591916352248837160
   6  -0.573321508878073968010001232975   0.754971303685018089048583907754
   7   0.926833332419272053187963063719  -0.197247522993358369431115048289
   8  -0.647401533252093396580056946963  -0.691401677901102466956548683272
   9   0.940252316995328337114037944706   0.110527202258023645728258968948
  10   0.125061417849894242163207057200  -0.532185483002440949381420435605
  11   0.610320019395432381069151932827  -0.722698823145683266987091768967
  12   0.334356893980440465831980552489  -0.571434789652712802486350119613
  13   0.898270241480380968165699577588   0.293606181702835609950900668504
  14  -0.104214802381871664436509386113  -0.837933888009506462849108572891
  15   0.308720407873158386531775331585  -0.892194299865517208036748795092
  16   0.520535752634831622568194328301  -0.787044995285621300808439620993
  17  -0.050185086346341166579152895002  -0.619218137945059702790714386655
  18   0.412176099464806968467306956013  -0.089357469052957382022608765417
  19   0.262520006281150686931704489942  -0.205123781446046925224503762432
  20   0.768144699022314906230377575475  -0.544437756301758095261575501760
  21   0.650680207209148095503493049560  -0.519927371946790622900325569812
  22  -0.087758634226048794239574436483  -0.506771624491052189791231091831
  23  -0.937488361905840720137737194697  -0.064448383766928910964831820963
  24  -0.937386540214740848073634250193   0.057849918059243301569263485446
  25  -0.652974015288720144685241921426   0.674165469057947931265721081084
  26   0.415067788418650891096342980010  -0.841054476990710741782691533940
  27   0.688515034718098260578658047168  -0.635878932811310565919355837750
  28  -0.471392948037637276797002454374   0.809248996874577517918127001338
  29   0.069567677886221839185396951799  -0.639894879110809438175163547973
  30   0.381782500486506805390289487612  -0.461556903471057669589420626379
  31   0.386067240405750024303881789224  -0.209661214920525123377935687750
  32   0.516843099857275205246670672804  -0.474526612608812651472114714992
  33   0.187386253414407134787979579468  -0.913665901035221873406996662985
  34  -0.913346420614262777831269130664   0.184604690077904832523536675493
  35  -0.910776850697504244222735709060  -0.192425846057721118999537221091
  36  -0.168272289100950567045948618312  -0.405204502346024459794360501243
  37   0.280853586664392315420955852905  -0.768432168527436606687328243023
  38  -0.018053590367156064538822504636  -0.744099899395247296954600705676
  39   0.553045925518902608363956891959  -0.609252227144793350024472105797
  40   0.304161374810944880873866088288  -0.343288520542798220482691398789
  41   0.242750101450153110072591365558  -0.479515180163838749896807395540
  42   0.697900051634014886355527508963  -0.049357625501898027979873411714
  43   0.090582844613981376351591267195   0.917776794362971035209946665570
  44   0.130840051951690878649250964805  -0.769371105885837461635061914258
  45   0.214023541562333876368534202144  -0.632562723414793078693183142736
  46   0.460152050504697095857961258777  -0.337354832719227926572682161165
  47   0.416147307416204648048800283494  -0.693924701709580109814717031783
  48  -0.094619166557089909294818996807   0.909944751007374341535673155726
  49   0.817099693893997821621035794616  -0.407542334280786694067213647080
  50  -0.850025533657554071596289537983   0.328312886183608542307471074263
  51  -0.843758058915441565566320598091  -0.338781602403981224015329904366
  52   0.027316988419033543308521443195  -0.906683339074827151488663703708
  53   0.256695741878534096822631193258   0.867623856445178793144738334974
  54   0.637835312062706124337066911631  -0.363574598422388546836515857630
  55   0.671071366251110866969794937661   0.599195213009129947323805691541
  56   0.771327967281099976836855471165  -0.213398002089059980129824374235
  57   0.892561674297234264305600191403  -0.042134529676145793958963547990
  58   0.557623707294351916981246241752  -0.172096897826394777565514389502
  59   0.782371616912002979837303004413   0.416258676773351667343928723700
  60   0.516040323428509521027874831495   0.052165774151486997877720443759
  61  -0.286007009205130830356454473530   0.828360594855228404001803595561
  62  -0.707879768979877531205614929877   0.492461688316428338270450987386
  63  -0.698366630635238664705490066905  -0.511023459624050669762057538273
  64   0.751544906781448401067566003538   0.162332212173757951736332758887
  65   0.447207098910375933256523611362   0.712429343517207061334949029390
  66  -0.434250367003836333665415222104   0.586333827977152075898523822492
  67   0.057452970616748225229049839723  -0.313077026914459819962153915637
  68   0.483635270103778640830954803116   0.358946436843112468879264285228
  69   0.182863144590319165143071076084   0.053705193242288051510245778544
  70  -0.349855100623139082037000344535  -0.663574329750686701216444598201
  71   0.028291358766614594692244603261   0.543829043954841818246653167765
  72  -0.453867974826778060480170661291  -0.000000000000000000000000000000
