   1   0.224943811994495063407832251907   0.244795230111522439925450678780
   2   0.900534885052081347140057295481  -0.317674084369143203471873662372
   3   0.260757327205385104984810264223   0.457960897037028849832943368379
   4   0.512245573652442828239029200365   0.805281155196322958922730368393
   5  -0.832131680906395910932772928799   0.466812168962331089426072044959
   6   0.173299439589463658207477567960   0.714754863624612912604928497564
   7   0.156075957581359800741582989879   0.940710489127368408657703702289
   8   0.329836026345413766335479713266  -0.894393377708401659201559581994
   9   0.946349345539000334950112307285   0.112335018044634779903804132844
  10   0.239449509252785019793346501545  -0.922114413885590181867787356897
  11   0.527984928016458632462817206228  -0.628475739501801462194646060837
  12  -0.309922921396685509761928198387   0.900227908902442801095482454955
  13  -0.243394111067295258170727171999   0.403552693202677239156673501907
  14  -0.028870536715591220915111175620   0.644173841001068493567692633288
  15  -0.951102969391535647163939344689   0.006302698562574286786423824550
  16  -0.031526345468950395165825923757   0.133804270026753295564354221810
  17   0.060145990238118878475119828320   0.948468473842265069573462990268
  18  -0.944299626297395508488000790971   0.104842327534958792870773683849
  19  -0.437658461421257839917720642070   0.468626848009486401986028721993
  20  -0.944723759695633364404707833997  -0.093680539183445787860000526434
  21  -0.138606047944383880999243064203  -0.938832798979586515858941568707
  22  -0.496855871576586237836319365622   0.808110514124569975832837941372
  23   0.469341757060385431997714977430   0.717886805714588026053668268544
  24  -0.614208809223240556442097418121  -0.721902282062149476037329016520
  25  -0.693675835978684579400906621126   0.645341542646480033170905925239
  26   0.242670120784888226529686787221   0.785553617154968550783260127732
  27   0.140284555472489836439391750982   0.620843740433012113803296843505
  28  -0.275432420536538526030248869686  -0.780065605496741199119692649548
  29  -0.402054206459551449375600404940   0.856000235424269721059199130913
  30   0.419577418043356686525837797214  -0.847026778390237281523423239022
  31  -0.333071307458656494848314004326   0.455095670243435506251506771063
  32   0.685875743660671317573503869641   0.649067327019999821158796186853
  33   0.136632802213188321270311801068  -0.933873973403047227717920077729
  34  -0.225702789104150979376589901055   0.506970465742025009008258105601
  35   0.588627084797115322914710662129   0.736452460548478405737304422216
  36   0.254710479255724712812282042007   0.907168082248115333955555191307
  37  -0.689636381120817707626217372064  -0.641184849842602169554729580804
  38  -0.919573412595657295298300096545  -0.200243347173249290178190630525
  39   0.062166934784696895026219034405   0.702292848677835506092756295025
  40   0.787630423950055447179520335176  -0.157617361022339442050764956686
  41  -0.915187337093835522147211822342   0.211524434369055283210583396223
  42   0.817600033937621031493528781270   0.118131257155622124703524689192
  43   0.869169350069626498511709018853   0.352712756083863817299310144233
  44   0.799008606611255456224025818730  -0.281579568445205414667576371266
  45  -0.376750989862958867741358496621  -0.716030914400694399492666100299
  46  -0.757751302736289534705667797820   0.547839666521155806406504248777
  47   0.683721314661232211543358329430  -0.227007628671520421260642076199
  48  -0.727189609581571433621953746879   0.419710180977366181841933000222
  49  -0.325184526663966114568155477945  -0.461868150121666995776375220141
  50  -0.250011933433924118078354659310  -0.898542059856716799813158194568
  51  -0.154954063244376918908726255659   0.609896655020435739417315587889
  52   0.908309586331121051906780215233  -0.203743062259718518554636624320
  53  -0.378351087184473911540474736278  -0.849478578970629088207858905496
  54   0.832622341931783426308569286224  -0.411892865386751493962244669800
  55   0.900845178105083821917957464530   0.222412087924293419390228381207
  56  -0.500332739727587657550745503314  -0.774294468523960019351620976903
  57   0.645501196743195866645407181989  -0.663478754782810734455409269480
  58   0.120131467283787507772512308900   0.824185144571519900951115998758
  59  -0.584501900756267064473879885928   0.714651419320255102904154084374
  60   0.689374612889779754254557868281  -0.369845070068676278930128804303
  61  -0.861045182172531242180442301085  -0.325580695183375320009356084590
  62   0.521467267376395467462918110817  -0.756829739173859962913008833883
  63  -0.852200803873376278824391366785   0.340062134678180725268134076481
  64   0.741586973740484995783026100458  -0.537534474172691535210413958848
  65  -0.003999263634869878611142768472  -0.914169162140387063089669966999
  66  -0.132443147368747305479393836279  -0.797546015278988178245561657565
  67   0.378887032441891360802836323140   0.827769976102197184562741045200
  68  -0.044806517736718047978831583613  -0.267974514418070910683701243076
  69   0.569150544266175146221161457554  -0.492971826723230061273139489123
  70  -0.168768780776401994718878055236  -0.411398123683021101447148242153
  71   0.543923713451259397585895022927   0.586667509893289047506227573689
  72   0.730032997947378619362598935754   0.255967071859770731631725748883
  73   0.893145047374988313246523027868  -0.030174074701471582330173214600
  74  -0.586875684863981211197901718517   0.522984031658222134589012938879
  75  -0.746843416397258124890857217978  -0.479704471263485999924754513021
  76  -0.226851416756029924778160830706  -0.616393451899873397699772710994
  77   0.736437096755242340076151283107   0.479217839306257700072672983353
  78   0.320442460255026419581276226615   0.619405545567574895146827333669
  79   0.492898637878099853074128103098  -0.279195539227821400599489333127
  80  -0.507434547671218472952057149231  -0.559997092255370479433897291544
  81  -0.366819283550777449621756293366   0.656137573382372718057154308884
  82  -0.114115840029946135849695776494   0.833310997205015997310163540549
  83   0.616876320603962973069586006787  -0.000130438396260790106409503640
  84   0.446442930163198668461983603414   0.316596033239380941659154444494
  85   0.014649145009312990715646779994   0.389091023914528501701252767207
  86   0.201689985577308839099763906745  -0.041823659995488471100146319547
  87   0.186277542092684842300237776817  -0.581641650940844161610863286962
  88  -0.481711956722069309446005244988  -0.000000000000000000000000000000
