   1  -0.826619950325277555545702970951   0.470717228651011528734097992075
   2   0.390253808582035722031146738202  -0.867156876287371936718173710050
   3   0.298357586963786768817531231379  -0.902559379358959430358473633711
   4   0.569126517559543174681901288933  -0.594326076315975833508223883799
   5   0.941117722694127452744860534115  -0.128968807576623124971252040764
   6   0.921873392909632091752628995057  -0.227634188986267090639696417801
   7   0.398233261672799307903012012064   0.749000101796586539028669713552
   8   0.429568926468251313973898860009   0.846026372789848803172803965273
   9  -0.602307573097829343091692032885   0.732667377327472989923648128405
  10   0.932111272529053541029255167349   0.173264985769334493944000409254
  11  -0.088936869590701124385252003741  -0.943503853936386541978354307786
  12   0.786223054869431195857441008935  -0.097775372188812700045111168848
  13  -0.516980692972055207157239881968   0.793284588915318758595006879076
  14  -0.280123114768168479843474069668   0.785383948528044326625865618853
  15  -0.942918812408244294525725922445  -0.076342620678727703351149857269
  16  -0.235150495393909630166503778255  -0.785507134740154689540562415354
  17  -0.940987447441691728343127267858   0.088197433204000329696894619600
  18  -0.105431270553163520629119011517   0.640861108948989705925293349492
  19  -0.597374811784360008052045876081  -0.731195886375789270759733967853
  20  -0.678279001791916861473349968100   0.656138902114842421056742405425
  21   0.032460992477999863765782430319   0.675062715005627139787035311859
  22   0.480596421514737219870860778414  -0.810985533875451465699962575068
  23  -0.286863288476430309643471381575   0.897430214682430317533764860044
  24   0.615258235055195399997704342799   0.712817783130673288636998983398
  25   0.191656041537572002195920554210  -0.921340370926803846715195206021
  26   0.520685121785624476555507960488   0.783201901203993090576544961819
  27  -0.503426269014831375877261301011   0.680828048363634880351253434670
  28   0.694967568366394303458212959356  -0.169493836294672593686008811653
  29   0.818846300711565682688128499461   0.170481893376688523771439128324
  30   0.810839728632206603992260745855  -0.209874250225468200081465527674
  31  -0.917770733453433466916583681255  -0.190520919103807956543623006256
  32   0.836216853753053106692451565834   0.421859526834038656313658025354
  33  -0.913407809392237953873298413478   0.204054938581883933640562195157
  34  -0.343862097777184659623988000005  -0.723126792941459837536382032422
  35  -0.679302874425611780031113960995  -0.641631312179054654408592408849
  36  -0.749722831128161796948761551320   0.556393618994074763031708976015
  37  -0.721102979458282197134743825862   0.422651536000096103961145685151
  38  -0.204333752896510150595106897648  -0.909269266354835289874583487137
  39  -0.301711830333805367014928802266  -0.464799591234325502081069444787
  40   0.121104683920995895445812744740   0.922180377762419763086617009796
  41   0.883992673349908974331165240887   0.286195850521143200092661244135
  42  -0.397428415877931002849549568345   0.829670002943139899636709025430
  43   0.863897640858573551938633092668  -0.336481792724320482446523288808
  44  -0.338280686178308250410924432116  -0.862017452640039021685706520796
  45   0.126542554218789103688253201774   0.768288586673598086088988896276
  46   0.578524932746591540224538757228  -0.720049619837199443646576038113
  47   0.695985331264276734403482052446  -0.605340934893868833014328603168
  48   0.713553869005717805010552320692  -0.311829564101476347006018906879
  49  -0.473685305087597883960411097608  -0.788030504160649554532817271783
  50  -0.859615806074266492252143953844  -0.322751266865394379963862293263
  51   0.785882354392013963260228381368  -0.471845111858082070424772828617
  52  -0.849882844200864326277105419333   0.339005374354864403578682177268
  53   0.046321345792658722502658846838  -0.911183202417450942130719348240
  54  -0.026123403998822569364720109826  -0.260348358313584137000713539068
  55  -0.090686848346780692123897051572  -0.798550113602090314287470987249
  56   0.485442028494850857484154638676   0.634990540032025549642582677024
  57  -0.146214092998707883921641879350  -0.410130918018170108971158452416
  58   0.606144892630196785448074349621  -0.451811692941572243485049159968
  59   0.278537084061491265640390869014   0.855631617415984026964267811967
  60   0.711729961443482643480676589474   0.310078759719069230117108060001
  61   0.893394166122404071070585607094   0.019905235036335608159265833780
  62  -0.576505807770791781594748026348   0.524615847303774561756161118821
  63  -0.731465321720259008750723887766  -0.470228407887067269978121249697
  64  -0.194194606520119158340308355452  -0.617576394546947085580419584715
  65   0.270032307432392654788778170913   0.632119503279943940092103481679
  66   0.684721857933917480281102605385   0.539715199605714490756167726694
  67   0.512851813057871040767629888660  -0.239507738414704925549644803794
  68  -0.486194899488969834206199864233  -0.566399851593685410357267187332
  69  -0.085225507840333246850328786189   0.845455595925250688972436038968
  70  -0.310557165572119216556915777157   0.573303472572055063081120901440
  71   0.615354130589493149639670229860   0.050830883614743920849865444098
  72   0.422699219590094789805391417534   0.359160802980598606815793756134
  73   0.022839201473799691256665186025   0.405745617544913843772704432810
  74   0.201423734371722623757851743355  -0.015864050494473427986116353101
  75   0.220413315410723136725699298430  -0.561426179156920016726560400091
  76  -0.468866166855715267260747649230  -0.000000000000000000000000000000
