   1   0.952381166227870701169900809531   0.100856381251776243123160993453
   2  -0.360491835440497772039649310951  -0.397596872452177430906599007823
   3   0.467295672136559606164786464050  -0.571508470744947753432368443997
   4   0.399936560497856720690587057155  -0.518507063648045443979444381996
   5   0.799882767407522888491469622831   0.307287217068280767714041415044
   6  -0.641828749207599633027086744360  -0.709269548568645220363535974487
   7  -0.214752290644113163394752284554  -0.432129782273845741053030561730
   8   0.004751970534786793799181780348  -0.868843468702141316100632981939
   9  -0.298614779995318347394447272018  -0.458311730301702756210150163351
  10  -0.570938721235891788234519852850  -0.766256082313433890728854891779
  11   0.712030887088777757225117616982   0.310245221991975825806317835013
  12   0.114721783466900375882583671696  -0.239950418109354411367111149046
  13   0.318015372728094144581442763251   0.900266313495168306690174719096
  14   0.863033148023345704013898586065  -0.407765174591346094802319520327
  15   0.311743572089607847275791930945  -0.528730186066163050725291034476
  16   0.035063567986581643724403297543   0.779105374647225883307062865149
  17  -0.027119295540491424299217675547  -0.953284210203440609498913613956
  18   0.457713278780690748873023568752  -0.660356634208414080455248676456
  19  -0.170662214502625972757510747229  -0.352974409837576547746087095820
  20  -0.127563421695223103597323083253   0.057265548609254757173301675946
  21   0.306059277143940432074065172038   0.808285513415413550305368829867
  22  -0.154991275529272263029001397685   0.939451010151363191372424716069
  23  -0.393032364919437392098616970154   0.866892467837539708384264387438
  24  -0.419167747886899748385195663482   0.677310162241798867006379541946
  25  -0.204363219200387400859421998612  -0.263301622059222754435834547769
  26   0.884833597434997337939353013912   0.348037609102950292613936223173
  27   0.752926385146191789536254329936   0.225346449882563782780574305471
  28  -0.428040972690659213492204901361   0.775296402201464099462630215520
  29   0.377836458580161748671336452919  -0.715168690046906208499342029463
  30   0.360058884277551942474650230951  -0.191627431706794765108181610887
  31  -0.876547836152012613999379886178   0.363648518264789836076555959941
  32   0.650254198757345334803241956217  -0.455387744221748516405944789499
  33  -0.276619426529639573449820676742  -0.682649907561467156742275864201
  34   0.634822060601724546736728528144   0.524526492223560838762931802975
  35   0.243965524649615823500770452227   0.255288992812606331249796220954
  36   0.235784918744170334259714988367  -0.465520819726618735073374683650
  37   0.135898083319978967264491639402   0.256912242376610526403558874995
  38  -0.869700652314920676137263031334  -0.372335203298356070743215223499
  39   0.369080720913514585898387205870  -0.610871531205283863642020413300
  40  -0.366648823507837818069006987903  -0.871095211371549717446128973485
  41   0.355819141061616254941219824495  -0.430612583550443446824255466863
  42  -0.273451103275588211705382063524  -0.351718451013734161744538847827
  43  -0.351584776711105388500673377434  -0.760830640926061697543486424443
  44   0.646234201088364929420933978535   0.232779562125777058296422617785
  45  -0.097799587710626477039013867000  -0.278225310665816669470720131314
  46  -0.146127252760462996519048809141  -0.173331407856337249754424448960
  47  -0.516222755495972519102145384126   0.564300225917077027467427562974
  48   0.227740955757320335094964456765  -0.912786184577756470257223968334
  49  -0.702030827943997275524661539013  -0.625384945362407099647385565998
  50   0.416859132035891013202519606638  -0.332183003059504622438829185344
  51   0.716696219567982112351454249201   0.606533456475421969714851329902
  52  -0.276134745182804639545527819346   0.608474739159200232259318010695
  53  -0.456418034298396024431912141984   0.459026530190034314807894533377
  54  -0.394493705717041442039578217874   0.568375236707588775842747876202
  55   0.617732478545907770094482249486   0.364225281658465823237243707385
  56   0.094961765913441076636369106770  -0.930391057897394360799151046428
  57  -0.469268064274183275091436411460  -0.808108333083976812040791844514
  58   0.416644720678704689395276766935   0.835522662070472367366840309286
  59  -0.316627150605004814006489884121   0.730950896374656322351620723374
  60  -0.019212707558971933797374177724  -0.180260512444209513203279370952
  61  -0.111420025947019052907833787612  -0.646784853632667363807523568022
  62   0.025141985561157536033322292901  -0.312050875019029789010315138240
  63  -0.618315774565284528396435920121   0.484353430657290515395565745774
  64  -0.114656977989169832592335265274   0.520307318534155097408344195931
  65  -0.086931654502428252635517810782  -0.056154465916694598550669323084
  66   0.114673981213604940515639886140  -0.425434763897519145677489087356
  67  -0.694944713821521437050387855986   0.609477034577540153396227101033
  68   0.498025845304398037731195415700  -0.777168773356189903427436472914
  69  -0.230995100589620886372090354526  -0.560634990502657547913694207025
  70   0.774759046568897102313527550039  -0.496598317819599251687894743751
  71  -0.263621773801964569822117710679   0.869659471038017216587754012753
  72   0.353834612362788415196858970583  -0.846117089732613583765397254775
  73   0.510603219175882138830820262113   0.467233014358162145548004322892
  74   0.888352486239546052237773613109   0.212498214301267427777315846108
  75   0.510567945373134091784274444115  -0.447759812695250501383649554258
  76  -0.779277386224882011107218085454   0.466345043614582487436241170134
  77  -0.018243139667339929480025972317   0.907156343176959290546829503237
  78  -0.558469275625453735606907603119   0.712049914834903555571606765460
  79  -0.763218824592949004058344238413  -0.480273390420503260114392513718
  80   0.173374405678841758154271642664   0.882530216890162690472406308730
  81   0.772495131105513511652906911713   0.451578179596419499178642168028
  82   0.251441975008549195039333866826  -0.306236560141108084293419271018
  83  -0.065048667332924865579133611199  -0.470046038693031979874620215018
  84  -0.279462118842012291961799175456   0.431801696546716660861652162651
  85   0.621125404539714277582658903688  -0.623911365110369826902996833515
  86  -0.124303442894318677572456313622   0.717150030747077808191098951933
  87   0.539617293478546600648997771800   0.681103725316991287388346441044
  88  -0.175571912831218962671123564810  -0.843797884278225662792920520112
  89   0.442897724832933547948892075491   0.246278009807524270876465241715
  90  -0.074203623833381362694432647519   0.254006266630569331347179973518
  91  -0.478142093492516748181664739896  -0.573581802477071184923338971835
  92   0.140240156788676825866467058342  -0.683920468846386713280585459043
  93   0.187660433645941674493004779879   0.001410812454394144556071420330
  94   0.195865463973707226147988411156   0.543449532487794825386189189781
  95   0.694843109430120489150365801730  -0.113870179050138165694829464026
  96  -0.585610816574800669555295586597  -0.000000000000000000000000000000
