   1   0.055964635238732163405879837915  -0.946924742201876922520385551119
   2   0.706985728713653570075676572258  -0.068872970789558134933788902228
   3   0.318301399130728851527883799885  -0.892769812042823139548409319770
   4   0.932706023966309971747519082910   0.166333239150936308724049531023
   5   0.600919576984426028991603874587  -0.731942383085090258173984252865
   6   0.415142270215229299132089338852  -0.850712348805803097996103816094
   7   0.035025585926061933184780025546  -0.386818482506201230874221809840
   8   0.663164304601549687376257884959  -0.165443280704619152025509779128
   9   0.410029547419063176691557165025  -0.742553728148936380087076266919
  10   0.175436783373476710055937463974  -0.592258348526290197201403341369
  11   0.551950135364728842390118788812  -0.560293385546953769490251283933
  12   0.494862696877633737453376766680  -0.464285830743422371290114728978
  13  -0.933054102697069705042896153017   0.139413148598272646433107527906
  14   0.509587015081564390869700306748  -0.793358945545470935621019219319
  15   0.506621400860084314993522176944  -0.351210954795176090269900775736
  16   0.280194510095802282514401907211  -0.549170771554010617429828317105
  17   0.779134089782479539572919450247  -0.528247424825234740086001814246
  18   0.303286217668630754758069564922  -0.782366273719415433961121551737
  19  -0.939889597522867979098760014857   0.023201509639372271681471828207
  20   0.797661705110669608012543080225  -0.135605327777560846552197482719
  21   0.548947071269359407409385875042   0.104206787700730857336209352674
  22  -0.192787835238999140450121059284   0.918327971008932956731594404939
  23  -0.932470573511182829279344210969  -0.098720614536207534871572251695
  24   0.324283073560407872812359148976  -0.661968354851165742958783119156
  25   0.502730427412548321280215861827  -0.668951599428712733529732085751
  26  -0.313357956699671025828529643402   0.881568358272281016294337495847
  27   0.202524861107189438181197400235  -0.709453347656050912798344910642
  28  -0.527661358526030538821906536981  -0.770738026067871428592081360795
  29   0.932103725564549938983527752729   0.047046406348382565573688153064
  30   0.809752358331958818331175196284  -0.008205021942190150695037058264
  31   0.745460188356660797448707551981  -0.256381098623544607911240282991
  32   0.609261658656741517634663245968  -0.276605013710853957382928754857
  33  -0.068788906743362544345050860648  -0.318751899621611569851790469169
  34   0.416917124712500967630924424648  -0.564906601071434289820112713851
  35   0.923267143266005897766029733503  -0.091583631536286117723103259232
  36  -0.889045489548729794875747464004   0.261588125375589999522026406441
  37  -0.896449482636585284638151627360  -0.230579325303194839140599221831
  38   0.808549423884304066743510482241   0.134838671129551665281024094783
  39   0.678109481030876736498761770403   0.056359139962141297182684835497
  40   0.890712462606435245854936560713  -0.238201268403504528793071800985
  41  -0.051816869872606480466217889420   0.919220791711399770850382443329
  42   0.674398855423629237076608409670  -0.620237700757185294090739559314
  43   0.573103170838970698900094580690  -0.062932209610354206562068866853
  44  -0.439544231077020376324566101468   0.803913041437785515258131225992
  45   0.157640022976612510593722579059  -0.452812841528220620220962694464
  46   0.825348165506475853092667179906  -0.389896474556541160757919975402
  47   0.863554650007179567204622943294   0.289951975403837736756959262299
  48   0.448692287090992091996896039986   0.221335453268645005575405128872
  49   0.175488693496328512310884857922  -0.865480072813685867747631398036
  50   0.626189303389773776716766757977   0.652647277515675662558060439291
  51   0.646953726852563372551692099710  -0.439591558361091907176929772500
  52  -0.812973350079161882550376303029  -0.384469869399583356556172161110
  53  -0.796044424730515258896135025529   0.412069904582866149658585771960
  54   0.441863377307625850579401841505  -0.199231146138787465982975650158
  55   0.344109580265938121447319368118  -0.393352343337996197378107221157
  56   0.652492979388017629616266989373   0.245511794990061784451858637661
  57   0.390397105963119823659041007184   0.020068665136395744300671173769
  58   0.743238412600769633061232811191   0.464957945638610032709969322571
  59   0.214140355181626658595472570230   0.578256974254621600149182456211
  60   0.420042977828340408069237984367   0.756049166956773475798600854711
  61   0.156454639103553307652668414055   0.843224692590587409571931866661
  62   0.468920357974875359662159214923   0.462578306612052811943457850663
  63  -0.621130401219705035911555934262  -0.563353195888039667578820895000
  64  -0.580159776156013536434695968074   0.587415658477996459209570691735
  65   0.144389803690581835374043828703  -0.167732715738440109550663097243
  66   0.143162862740407308865974023175   0.242492203268983918010561844083
  67  -0.159827073381477386664361559801   0.611094524096290908043226423742
  68  -0.171668737764054793859421020117  -0.676517829478963912568483242706
  69  -0.450597742198036792811958616937  -0.000000000000000000000000000000
