   1  -0.303407958746782489105494174117   0.468688194031128619030455011873
   2   0.833953516528946070569055084767   0.008416579789255301887899580845
   3   0.790496284331106990910168562321  -0.095006145612730568229859119532
   4  -0.485962650590118843529179059208  -0.808360922239140395145780033574
   5  -0.699005491897915745462675480467   0.417634871655130977305219711683
   6   0.754394670723389658818020995990  -0.564422711908183374963968598633
   7   0.088971907026115493821550614768   0.354400259037302265168488572141
   8  -0.415681039218726942405533741334   0.490940165076062298664825981054
   9   0.938893126701685781890774939156   0.056147723801703755933189285980
  10   0.497428631406995974697381782463   0.646894677477955972229617629278
  11   0.082892175238679949286193763235  -0.392988128538404416992499016883
  12   0.151640853615810075385768637764  -0.157932464764606814782755881557
  13   0.106084652422595870201432754324  -0.272178524590051542764155981248
  14  -0.935280971719944927861243515016   0.065215260168573936210506863307
  15   0.590786205242518966509308547678   0.727142674818065494607530121370
  16   0.024669037156222489781778647413  -0.175670325424232850633802541029
  17  -0.933465907703791518553292407082  -0.061716025766836748395388639089
  18  -0.789671976427024764922318173405   0.500222542434402697438857025793
  19   0.162686017136056128953429452016   0.254294388380890380686511817622
  20   0.711661484611079373527145095667  -0.000479098131688448733682994555
  21   0.665415034911446959887249281014  -0.653184686675717254006459030020
  22   0.393042019974628931092478325833  -0.844612144594764727333422765858
  23   0.813620913643117452309337075817  -0.451952191799643046824962607772
  24   0.154515270056270624010764430999   0.692227872193343806569526387727
  25  -0.013261657406396898800221317280   0.268143864122239551725575879747
  26  -0.906797657873003964076921210515   0.196723004960001755624883123951
  27  -0.905792222166293335562274159990  -0.196532953270967548325114563731
  28   0.921585700359169563679899692986  -0.087692631982318106015048447052
  29  -0.147031949106873461599671385679   0.722185923324458745596757731590
  30   0.666290725464260230133597680942  -0.142031549942662730368055076440
  31  -0.857553682815077593350274542773  -0.339450125914194976643710509464
  32   0.007161757407856405127265844514   0.715480914960635541156956702384
  33  -0.030961291705300329947956178189  -0.309925503167646873047289865073
  34   0.073229084348375852415425676639  -0.038406932588864436445327664696
  35   0.548812237769942954926785744342   0.341088869352856276092988471934
  36  -0.501842312350438964125425497658  -0.513765271528185167445273259703
  37  -0.452948961909936112589223115233   0.793261295666637057034219768903
  38   0.069101538921776976388894070892   0.131621737859454616380761748071
  39   0.257969129057941966627507325852  -0.265712412142152850423449925055
  40   0.226399378249884502711376820175  -0.445548742532584974813491181921
  41  -0.836060941266451071594729133687   0.347473619712791115461436578048
  42   0.203246377155994774046251098004  -0.879936706818708048027513146134
  43   0.520215408263467921640776300202  -0.735331923736534583559655815772
  44  -0.583230378501746569485655776400  -0.682852105467008306802619705344
  45  -0.271019182710932929979106093024   0.853048678615827964469180301916
  46  -0.061104734056925848488633327011   0.889740905416881782104908216052
  47   0.158211198685219364531928613239   0.874086542918140386283010037971
  48  -0.322724202289146511913777868595   0.638629381804086989765783415965
  49   0.839334710597940084141205668546  -0.264430579239228648447027615787
  50   0.378917845101201908038363728585   0.788814207962461285319580290721
  51  -0.716051025542050647503197955031  -0.492113828786138337136073765840
  52   0.295161048966127957542640937770  -0.664046025758068942949921390046
  53   0.668114638676497624540855563827   0.534776660267795091811098330924
  54  -0.596398393440854978069175191402   0.601477763846891930903176054775
  55  -0.085555677162439329346261927888   0.491385205796092685531092669973
  56   0.786818249936888157363879314066   0.236694943956272372643839347622
  57   0.308339222084890561012580169265   0.478073258443377942843567592665
  58   0.532344359143629510238284901523  -0.402407937306350869689375511424
  59   0.398250560988913000605967298984   0.044006541166749219050118548186
  60  -0.147360276404839619921130423265  -0.678244241121486283671620198071
  61  -0.439752215655726572758813026125  -0.000000000000000000000000000000
