   1   0.557636591575940207619239321515   0.050612563184477634971273801305
   2   0.416445299260987477750356436058   0.579707858307190632597860670613
   3   0.079543711052356496556861385763   0.954165705516490493682350049215
   4   0.220957367792391800984811838034   0.717324639889948815863708482124
   5   0.258032696049855273168982796525   0.794622386033338105314387116059
   6   0.128687916696379774243880216321  -0.183474554383294041820653038573
   7  -0.166192905290079834970624928083  -0.941997069535947711913636668922
   8   0.236884873661872576323219312929   0.632364922488624267636525004605
   9   0.226622456760586871184119449957   0.016501324859961765853000743350
  10  -0.631537715855893414947525083568   0.435548861885420136225050597953
  11   0.101362679448848062622427642973   0.436031789407643935621437642981
  12  -0.590729087855476778402062067950   0.514503867557211195856620332647
  13  -0.254437489404290153821515297313  -0.920517700652728225893587446389
  14  -0.865033029735596178868076203452   0.404110124056948096616847783523
  15  -0.720420667129818939971081084546   0.423632393755405465803787760718
  16   0.938635687079177269091425482775  -0.171787886333137916315275109405
  17   0.641047942209703772031238409658   0.079121176160501580632209550098
  18   0.672990570329674229107488307616   0.285291110175622642329902474720
  19   0.742912119174358676414080788007   0.597487650445510314660781377286
  20  -0.283010810850737434701491019602   0.413481833212355020926194535043
  21   0.346000125112248332803612059036   0.197323254098089469030841422612
  22   0.915643646116024240128301343202  -0.262230928086828072566576819201
  23  -0.783830405626789321020354616940   0.355117672321029015252921635356
  24   0.565558982948790444898981884140   0.470224061535008977451811501857
  25  -0.751107863285164710385539895696   0.584096311748509485415976270093
  26  -0.684352919693124081066697837390   0.513119276773331759017120223450
  27  -0.949679691627011321249088445676  -0.046219538888851074635606179174
  28  -0.948230448232684594755906629011   0.064677931498426246864286435301
  29   0.609402121957241013325785234650  -0.728911241939559595265762842981
  30  -0.072401999681516289641590706174  -0.946973493947431587688077332614
  31   0.879907248999744816490742482240   0.356446459044265087337441083695
  32   0.524623579865687463667307500122  -0.790781737709985746424618796574
  33  -0.014218332552394555621189923330   0.948483861151191742270119762249
  34   0.141001319858152574800778797594   0.666841270169311069543463980992
  35   0.621512057952413031206267935584   0.180058547777724715389491411984
  36   0.469553710092584139315143306690   0.501010316605658927672571709206
  37   0.294987719093722956280791999927   0.283684781286302279946779708294
  38   0.323268364075299721201282417251   0.557395476713341215769579011207
  39   0.141606987216245018119607337721   0.772609531102982337894461955421
  40   0.041212283478662982664194123260   0.731768788102478901443769824239
  41  -0.933271158506031515397934443794  -0.149020549408460797161533287171
  42   0.403434925879853465372618065982   0.282366160938472321720727721226
  43  -0.346159310180206290750469736589  -0.878347929184946259314940902850
  44  -0.191315673532314094627810765841   0.365839238153758977092490229908
  45  -0.927753423579911205266953490831   0.169260974439994855658091756929
  46   0.569532494827724611949311960927   0.276658389391696291657147593567
  47   0.621408174937290618992965989468   0.379871165058491263328999019497
  48  -0.109817674664516921398696039672   0.284539924465642810140697648087
  49   0.793922982136527769646730914586   0.504747636860473016902671770058
  50  -0.803001030247926343286954765171   0.488998016343467183258109188829
  51   0.868148351006794192544954022996  -0.359236227715790734158375690451
  52  -0.019131484886497794235203307663   0.080961228669168502160867578631
  53   0.674150081060662911528587987044   0.487575446411274201973641681732
  54  -0.018888377242729225787845551155   0.204557119067782156623859197923
  55   0.682028120798049882777383316412  -0.642186479495954304348841890128
  56   0.463607901668848321988634289741   0.813171280726092789482605541708
  57   0.051872996404952123021395549936   0.850515600564620979859394236044
  58   0.461343042683210775936444856663   0.002536944961843625841614402596
  59  -0.074794955572646613459921209538   0.404518094937020476301068051422
  60   0.415075493994597993653467429889  -0.835319691418699974095531994619
  61   0.342753915977559153191168632117   0.866535023877454025722537308568
  62  -0.892092917300656393894849647798  -0.265997254762586716076569734275
  63   0.046536052556484754998953584284  -0.928775452102052919942587987660
  64  -0.882779754812990292415174973754   0.289116018758993122299638716177
  65   0.488236737868130176962536365224   0.377626927875576602162164419554
  66   0.925179474145834743287419396541  -0.053501785997739542150982694422
  67   0.193932680844124403862794115950   0.361446296542828067039277164422
  68   0.755050773003062952345820785239   0.375586450750514084655036227293
  69   0.046302250464204665635795051124   0.327832595628347748507723643560
  70   0.335459892606733535240516938851   0.072203529546923410011191243928
  71   0.196706731180548637130066806969   0.515629834634499534865576199179
  72   0.190281350058673469568488368756   0.898793091035291200313948545009
  73   0.339406001464005123636475778645   0.421783893205829226667625417315
  74  -0.457621845893697787572770907765  -0.792782648894132004619007651171
  75   0.152277962506770172425777384007  -0.317729644603605537837179747879
  76  -0.187292554410125555072131436068   0.510761300332729815122245216792
  77   0.480477915673201280763295252018   0.158544919978976063927293855328
  78   0.355279366683713991538468570591   0.700036405113905584195781094410
  79  -0.470956258263753578756171206186   0.772700883178397635461071680040
  80  -0.622339797276865349140867215443   0.653338119554492863398564939580
  81  -0.801028884015832305871689477601  -0.409117731610606076930342598658
  82   0.090974567334339691747642626921  -0.041565676345920176352885891230
  83  -0.016293505546914279006812546907  -0.222842957089798030433291531524
  84   0.747823890778802359379808182386  -0.481126634508894853790562993581
  85   0.008500559414619570554646066252   0.565578742434141931997708437342
  86   0.163159421153071605007587361364   0.169711881932047606721261259995
  87   0.223170966829381031632503969416  -0.846092748484252578247238992751
  88   0.573880407825530481521558007735   0.652315738102544982446877928655
  89  -0.410846879248556907137284887323   0.547332571491181545165305478053
  90   0.315805433482979779498951304794  -0.151804551225317412637234780263
  91   0.828917775539922280510365651940   0.155311317673731472984162749308
  92  -0.588448186120029173912715527343  -0.575227504537987022053601258880
  93  -0.191113372395206347372248779533   0.791105628982736502248736268546
  94   0.670999003381768889345274078291  -0.172533418922658610439516707583
  95   0.400922499935313267219402117104  -0.528137301490135251284187185801
  96  -0.125468322507202253685951907644  -0.607756780740983307414984771858
  97  -0.487778228452802088373884236322  -0.000000000000000000000000000000
