   1   0.179399146039057500402620663094  -0.925500543429037410449732513673
   2   0.902700527404561345544283167830   0.270044816653606374795128410864
   3   0.517256238087821075089550059079  -0.786937698784639785536560001838
   4  -0.493659326701801973025318175695   0.801321439340467560215162663212
   5   0.860737333124384585168159273543   0.379398083777362177225081426583
   6   0.484901780125246886469584546413   0.805377994483827150349456542406
   7   0.377726764371278692037183496774   0.860237341974372791458326978966
   8  -0.268595222700207097129769154715   0.899683452565538586902663534715
   9   0.298032562056241578676437743902   0.765863167872433753626062298061
  10   0.688317372757404443302086727696   0.636693179684354831085604654631
  11  -0.384173337741643782257296081436   0.854660520934444362999224511153
  12   0.718132283975543905876816751779  -0.600892250977111774578849348736
  13  -0.304211916836076957497007832149  -0.884856103484724077350185186281
  14   0.475240377834317447771733976971  -0.659076883634883983932388173781
  15   0.107708818026565194456396643479   0.928014711527390098829154354061
  16  -0.684545561088946826584874316868   0.408731187867725650536784929099
  17  -0.793858572860570516055671584577   0.489604073604655955927677846501
  18   0.410600987869504951010433607762   0.700972068035693893887008428428
  19   0.618657244132158662756828831946  -0.207138533168389319148096204936
  20  -0.711429306149726732142152108063   0.599215413120675121467262609241
  21   0.585301317685360502397088623877   0.721744727994114744670503993062
  22   0.593113060481681080248659534984  -0.545744987424887333899123990227
  23  -0.169845034979131269226898066316  -0.911617293804946567540920721085
  24   0.247474281308581326502462493859   0.892602098653261852089603905104
  25   0.900783302595268349375035203593  -0.211136492877146697536461061454
  26   0.612258918957035520107018472845  -0.692132869068432852977859980085
  27  -0.442495127689843335586356060982   0.675158044638415871250977658075
  28  -0.595314531533312166030578511410   0.703604586204868004916934368209
  29  -0.919899413116169826875768382946  -0.029300924444493575951644653680
  30   0.763989942890276280408552723358   0.016802266429016830955689441724
  31   0.757406714295345931308331537385  -0.146492210602463305461712728717
  32   0.914524575550446845271753998645  -0.052987515335227311600485585972
  33  -0.431719999445803907903591431453  -0.806135014083660472526707499072
  34   0.110390747488189246410308570376  -0.711789845807838307119355969902
  35  -0.900416657225177854683008103289   0.138237706047954385206536839797
  36   0.900505928287183735271898588199   0.121339896064664888298856566648
  37  -0.885048419442322454834725925323  -0.198372948743505624260793604394
  38   0.757694801775926324930642694247   0.494566670554066876617699418934
  39  -0.343224896180848318399798406179   0.531479889344367809198262943849
  40   0.130788015904503961355474616640   0.763807905375088615260408479820
  41  -0.271448899993743263085448376705   0.730940500193643255612587881990
  42  -0.832814490492497804121523729080   0.320954044995276565161958900719
  43  -0.550191737961728367066381926929   0.521736106281147502130819432594
  44   0.013864045133592275244557364487  -0.887272131196965356412707479371
  45  -0.794072464622836310202751392901  -0.387160675815044497885991833266
  46   0.260758152148445445535631239508   0.585018855741461829261986404044
  47   0.560396845611336745674412811495  -0.020274090075284731084358786358
  48  -0.079179459345735147258368288955   0.864871790726323101125186933294
  49   0.321086796248158588083903977538  -0.791229625439787383112836744414
  50   0.518106976491760000957493072093   0.516306532051232913234375447816
  51   0.752670177133253897679675940562  -0.385807171879458017909637983453
  52   0.677757894546162639569225106541   0.247118897446439057457706035789
  53  -0.576503854698442225342491194162  -0.585847165992497437114427824640
  54  -0.050631050913725292393147936197   0.531025600839802298781851319949
  55  -0.181888112742621725397596067413  -0.620724172229930171761307723262
  56   0.262538338261296484905250703477   0.212225303685758880732663345890
  57   0.268474787052925116435833570957  -0.347989599099414835801620516710
  58  -0.391909969360607859233066891229  -0.000000000000000000000000000000
