   1   0.070918095753820596245762173283  -0.400137414663694390722934942408
   2   0.796151746906439035190349632676   0.495447336566488963543093752876
   3   0.606974934307263229168139124261   0.304841824450318426710136079079
   4   0.138771089530228394818645456619  -0.294890838102108480978117480987
   5  -0.273474633067813248251503895274  -0.894913751881736436668994323604
   6   0.262401394706524372217038923763  -0.897499836986946524548446553577
   7  -0.830346961753838307027702560688   0.428343950823116128994795090356
   8  -0.057082797874644745084100333267  -0.396607351242030668756652589906
   9  -0.144809149855266669148659615940  -0.921537523397065477455219162571
  10  -0.223363364414118484335573298747  -0.627244936076981442569742272197
  11  -0.182189339680238978967800736887   0.341683301156324832145655288723
  12  -0.181957851519828424994967435488  -0.342700104435884292584953238064
  13  -0.818456364655460078699190172153  -0.440527143827884242729682415331
  14  -0.213905309714466383550046389191   0.903590551001341505435851807610
  15   0.789865087899808817893858209602  -0.486359292186164227643636537367
  16  -0.213759207058453018832611359980   0.758761399002548699496915846108
  17  -0.459072600314655358782347617473  -0.504876010854769071888800055969
  18  -0.129848503515565512863959275227  -0.518439278835442694494582065031
  19   0.331778420983273187324544441508   0.199154534917372881705703251682
  20   0.022927722341239609340858366729  -0.531882893545890552220714717935
  21  -0.067696289632723927986356443723  -0.660009149947126991847180615627
  22   0.465606078097978297820985565146   0.281352579699455701452853011553
  23   0.316068798878263765157426281632   0.357365497565137883673158463911
  24   0.128271997202508383253201059077   0.907761749067046698828280573503
  25  -0.184489913818561764758087014219  -0.774910267857486210445776262349
  26   0.527082497155502428734016423633  -0.170459768713905248544569883326
  27  -0.338576711408080350463454580823   0.654785700921489214558619069985
  28  -0.475003480443557962221231928953   0.524175301190167961971395034772
  29  -0.361230618754288353259413895059   0.833247093376397314136841800453
  30  -0.048636904130140833171973106530   0.899421975699876438847679653165
  31  -0.293127833820219962166513440484  -0.465601946456099249270358502701
  32  -0.020645638388850890389092371489   0.020435048702246441518580187770
  33  -0.291456623785445316382571727213   0.471652962563322047172687765331
  34  -0.061259365205963530441225665500   0.218576946403891985066210813112
  35   0.149337537768778772472512335047   0.218464185634387032227719615227
  36  -0.526591475567701796815670297226   0.717384927943971206242727726087
  37   0.309417624383562192916975708129   0.830534471966487722539242283412
  38   0.881017802967404850359276170877   0.047711870190045300349594746561
  39  -0.685660532050635279201055823760   0.548195625258053728552721283303
  40  -0.030456904620837119800849554029  -0.204940071846076958748492718371
  41  -0.657800031026096264105222376878  -0.565119264298013220132441842883
  42   0.808863567324157847319664296087   0.294318183009439753507895481387
  43   0.056373418544360223327622494148  -0.848761556840662659493375710340
  44  -0.421038384088887017269461126975  -0.731836478253797580275962758927
  45   0.598011832475355894967040556310   0.072979626229595331587738413379
  46   0.786077676440659397016886276481  -0.234198213800273990047966574618
  47   0.262013588769341704273399354814  -0.065393039834733984013716895053
  48   0.525402278277873676995298864594   0.575923206319466800775365519696
  49   0.051086331947272499362639174084   0.565883643108150361279634016887
  50   0.411632260111856337947656695334  -0.552045345494429765694580563296
  51  -0.559639795219165122575725068535  -0.000000000000000000000000000000
