   1   0.866210481889643615355429507171   0.367676291814864178056922299108
   2   0.911399647985345439123197939613   0.232022064217914980552626390479
   3   0.704050821527196780266240423858  -0.622691657854718603560011757734
   4   0.610922787782138011602130499753  -0.713530088207890001250264226023
   5   0.501990887224716548285244499380   0.793249916093988576048811238161
   6   0.700891133985257507477225513077   0.623576690896743331039974437169
   7   0.392699539074046506681018938424   0.851296227512993298115408675001
   8   0.307088179823160229808165914506   0.759346144083684929059679856317
   9  -0.433842192648852404038216649273   0.661879895158378197805978804681
  10  -0.263543766733964003154735958083   0.897611429719923692563962106393
  11  -0.792609195027034467041699555289   0.495579727090475995004494291281
  12  -0.291002803028185201850152841678  -0.887415353812650990578614339172
  13   0.115577184357860472752594334129   0.926104566082300709274580696494
  14   0.422937470985110471820806531721   0.691613846175187284700918405882
  15   0.627513155772037076068641106306  -0.217558792149123749329377233265
  16   0.602209263086647551878182969479   0.709783515307597952290612524744
  17   0.578964662740152361444635782527  -0.586783938124761255130369359516
  18   0.895269646614232942734229069929  -0.248191386795778611471027165465
  19  -0.675736283335811826202216882707   0.421293056735467809443859715475
  20  -0.146414992858170957636348156988  -0.915455552165143924162030073436
  21   0.261098911420301788508027971986   0.888486395354759012640669015908
  22   0.105530370504417674824675243866  -0.701579371638667769134357416835
  23   0.768767100666875488239736701461  -0.016689007147300380194700260365
  24  -0.698596642587251575335292057728   0.602726401509227575335043495523
  25   0.766960148270155052367170797053  -0.171398977096951476984444451761
  26   0.471711975498674209876449902391  -0.694303725740106804629566155619
  27  -0.439097019954403205559706997280   0.807047593496674151280090001007
  28  -0.916747765861122737978955256535  -0.032496198171540408210345328198
  29   0.910991559622027984169532283572  -0.093837036549603117008442278086
  30  -0.575356559209068139711948258794   0.710451251697387319479927236643
  31  -0.424196883421534887861433526590  -0.807916784779115157577697515434
  32  -0.900079862865883567363905890140   0.138670850249247693873171329061
  33   0.904347949429725901702018786240   0.081441191150344427239174786757
  34   0.767181043557560181281498140703   0.483321989203729331598991735303
  35  -0.880546474562733946697682824337  -0.206951048006349320170989503975
  36  -0.334590865384566226114587615967   0.533817531928894782448668882067
  37   0.142075566550956982391889382090   0.761148875131591697257442526399
  38  -0.535359383975800967210324326457   0.525832932309338144628092824500
  39  -0.269670262749599042811649337706   0.727123671395805347123510405901
  40  -0.829262316860304550755221590345   0.324894996921530512507634707481
  41  -0.793576722566265884571416361165  -0.396348964820780073865563237276
  42   0.040467154774320982840169136682  -0.882156512966243809360845628767
  43   0.271884122292990407513966943301   0.578266910775527675513640378900
  44   0.566961046453488131477465178197  -0.032617701393787132436675158654
  45  -0.071113372867071188949802559663   0.858338740915337844799528036037
  46   0.288034249564915022062221059369  -0.812097225073413763354247910686
  47   0.529229557709568803486263784685   0.506568077933782564764314247220
  48   0.738822845358564755146248477845  -0.410772471558985396308095745464
  49   0.686530931897742072822269044494   0.233367714389541802921265817338
  50  -0.573733185019523106504226743480  -0.587829846187541655027930071924
  51  -0.041181391566280828887169558877   0.528705289074304708697373753568
  52  -0.178209035287583809836913497311  -0.625543754427566308148588755055
  53   0.269629868440643498664071733613   0.204380410587665962784712968528
  54   0.276738769025277968129973594576  -0.357467297714413752446376119257
  55  -0.389427642450360969483685853727  -0.000000000000000000000000000000
