   1   0.831254507301445253264442689674   0.189475397656538137912428217682
   2  -0.408819754130192048231341303645   0.856041151392830177421250252192
   3  -0.379155890286755273060566157135   0.437002019322709206970934337644
   4   0.832504872066085815547075372915  -0.453247034299210551788008428620
   5   0.913178980363417295519541901308   0.252697377653459865058583740938
   6  -0.697381715243530133911858656991   0.640818476937301613735703368774
   7  -0.463088808292811303829499384782   0.500159349349987912758328735666
   8   0.731336327965068412454166750492   0.220815964606706845013184592653
   9   0.315486324228090213957038164686   0.583324946339248073649574256191
  10   0.333883840394425654070497930336  -0.188876021953678044985224943708
  11   0.286636935875125151562927941426  -0.089897785359011450593126443693
  12  -0.861464989237240880930544800163   0.387116132414029216531369455044
  13   0.305710662155744735797471473504   0.387807056130306731272947833038
  14   0.315188370434642583067162282609  -0.889301519688141761951659686364
  15   0.365192326589864580308598241753   0.483889350265027491860921796017
  16   0.352000317612361525894887470279   0.001761985392917914437465819268
  17   0.669712123098618359901650820656   0.662395410570336439070391263175
  18   0.205938609659694684681530241859   0.610039611436150610183192325572
  19   0.397830074351473232724462221210  -0.688305441578061485789830064104
  20   0.448476862681324663671448558555  -0.404323994290577275833353671558
  21   0.929609531342551934609647893421   0.136839859007649043761108273537
  22   0.202453716464884486184460099464  -0.005106878965597152715331534772
  23   0.190392485417813939655219169679   0.364903079163012437106323166830
  24   0.246015130497855356499671233819   0.489880346721548608337411846094
  25   0.294081405530184541753791470925  -0.623981889370129342718520233887
  26   0.409942589868946290966284471967   0.108144722650442922329491565831
  27   0.552202023864200122650258852405  -0.472328839745795176542725999290
  28   0.183464088902643527007062321967  -0.694774022772430172345088890147
  29  -0.250706213167765712723640177132  -0.371791582180169738455582402787
  30  -0.582807567672447967715494453418   0.493055555919726633449330429116
  31   0.294907926387470504588479374214  -0.766417385747306926202201892803
  32  -0.348699726199494077004022458703   0.553454862446558372867353751906
  33   0.114381765625611118816119082005   0.699382855052762813898773649079
  34   0.357248548825659869320197882063  -0.311765956183660310332254156903
  35   0.275307475138806568837650932565   0.104993115467289495528770305431
  36   0.175339198001481638717205864653  -0.557872635569986071381188046968
  37   0.448834426455692347929511676280  -0.562927064191472046925551503785
  38   0.591701645860595436633823703835   0.555550594479748354885553119093
  39   0.427354943838195437238143764437  -0.819909466076281833302664867648
  40   0.742418774879731107436209478796   0.549061528512300394930892686374
  41   0.446396715322411813005610888542   0.600582892504617809021228911924
  42   0.278664564532217833960742929783   0.255248946193018335590605152929
  43  -0.799486824228906627584453989076  -0.453987550625539889181668154730
  44  -0.464856874698156848120737694635  -0.791501305571795328941720486689
  45  -0.196265890167778109442354553681  -0.707071331368023387931188222438
  46   0.545612090793716127398503543998   0.734147248924762227892341489507
  47  -0.360006367183555591437851205531  -0.658635659606953840624311796200
  48   0.106292515640442428722284228671   0.904840378073244997927654467359
  49   0.313114937961305904387260191246  -0.470707229098607062502837908999
  50  -0.368953495540997537857481304539  -0.477924546122450264898756678160
  51  -0.298720498502340561566961980372  -0.853880567860279527428982098286
  52  -0.184168408769500952835844480882  -0.525972393455719318280273561240
  53  -0.749916131576862264240548615740   0.496653089006966475041384721345
  54   0.560107437089683246988521798435  -0.700059574833766873747327807230
  55   0.705342796145224134162724367137  -0.548266878287616083380958844868
  56   0.803179551427609168206746632346   0.372486155263568727361507511823
  57   0.145815431720162622125950965656  -0.869811475159671659789494305468
  58  -0.086352159514604037565396723960  -0.877462805662513513805992805856
  59   0.001519927220034447536106934465  -0.646754446121174585641071684542
  60   0.055370648605042524744552640395   0.498817687395825287345044124700
  61  -0.194004605112167598324509999217   0.413751390040185279822639389314
  62  -0.508670436049752541236096231993   0.690264531510830988336620631760
  63   0.315797403325247198245654439693   0.788295697186292056061564881347
  64  -0.598189682235442104142499996634  -0.587989599477247783222129634965
  65   0.524500242203432162573652307408   0.316434224534728755797507349939
  66   0.020337706720121320278469898245   0.168612242170106342039349885534
  67  -0.160876426996284655874735894439   0.763604261117953437406366884130
  68   0.043617611610573388230794872093  -0.268046577693778399704102005599
  69   0.685455565826372688881283284404  -0.131550421428169591708620109474
  70  -0.573468969841402359728906702277  -0.000000000000000000000000000000
